15 rect 2 2 gaussian
-0.28 -0.28 -0.16 -0.02 0.03 -0.02 -0.03 -0.06 -0.25 -0.47 -0.24 -0.09 0.11 -0.14 -0.17 1000
-0.20 -0.18 -0.10 -0.00 0.02 -0.07 -0.09 -0.11 -0.26 -0.45 -0.19 -0.01 0.21 -0.07 -0.11 1001
-0.08 -0.02 0.01 0.04 0.04 -0.05 -0.00 0.00 -0.11 -0.29 0.04 0.22 0.40 -0.00 -0.00 1002
-0.29 -0.28 -0.20 -0.13 -0.08 -0.21 -0.22 -0.23 -0.35 -0.54 -0.27 -0.09 0.12 -0.21 -0.21 1003
-0.13 -0.06 -0.01 -0.01 -0.02 -0.12 -0.07 -0.08 -0.22 -0.42 -0.10 0.08 0.28 -0.09 -0.07 1004
-0.28 -0.26 -0.17 -0.08 -0.02 -0.14 -0.13 -0.13 -0.25 -0.46 -0.21 -0.06 0.14 -0.19 -0.19 1005
-0.19 -0.10 0.02 0.02 0.04 -0.05 0.01 -0.04 -0.24 -0.52 -0.28 -0.11 0.16 -0.14 -0.13 1006
-0.19 -0.09 -0.00 -0.00 -0.00 -0.09 -0.02 -0.08 -0.27 -0.52 -0.23 -0.06 0.20 -0.13 -0.12 1007
-0.29 -0.19 -0.10 -0.11 -0.09 -0.16 -0.10 -0.17 -0.37 -0.62 -0.34 -0.16 0.09 -0.22 -0.22 1008
-0.24 -0.21 -0.14 -0.09 -0.06 -0.19 -0.18 -0.18 -0.29 -0.46 -0.17 -0.01 0.20 -0.15 -0.14 1009
-0.34 -0.29 -0.19 -0.16 -0.14 -0.26 -0.22 -0.22 -0.36 -0.58 -0.28 -0.13 0.11 -0.25 -0.24 1010
-0.34 -0.27 -0.15 -0.14 -0.13 -0.25 -0.19 -0.23 -0.39 -0.64 -0.35 -0.19 0.08 -0.26 -0.26 1011
-0.34 -0.25 -0.15 -0.17 -0.15 -0.24 -0.18 -0.24 -0.43 -0.69 -0.41 -0.23 0.06 -0.27 -0.26 1012
-0.38 -0.28 -0.21 -0.23 -0.20 -0.25 -0.17 -0.26 -0.47 -0.74 -0.46 -0.27 0.01 -0.31 -0.31 1013
-0.30 -0.25 -0.17 -0.11 -0.07 -0.20 -0.23 -0.26 -0.37 -0.54 -0.31 -0.16 0.07 -0.21 -0.21 1014
-0.35 -0.31 -0.21 -0.15 -0.12 -0.26 -0.26 -0.27 -0.38 -0.57 -0.31 -0.18 0.06 -0.25 -0.25 1015
-0.38 -0.34 -0.22 -0.18 -0.17 -0.33 -0.32 -0.32 -0.42 -0.59 -0.27 -0.13 0.10 -0.26 -0.26 1016
-0.41 -0.35 -0.23 -0.21 -0.21 -0.36 -0.32 -0.34 -0.47 -0.65 -0.30 -0.15 0.09 -0.29 -0.29 1017
-0.43 -0.36 -0.26 -0.24 -0.21 -0.31 -0.25 -0.30 -0.47 -0.69 -0.37 -0.21 0.04 -0.33 -0.33 1018
-0.41 -0.32 -0.25 -0.24 -0.19 -0.24 -0.17 -0.24 -0.45 -0.71 -0.42 -0.24 0.03 -0.32 -0.32 1019
-0.27 -0.22 -0.10 -0.03 0.02 -0.10 -0.12 -0.16 -0.27 -0.46 -0.27 -0.15 0.08 -0.18 -0.18 1020
-0.40 -0.35 -0.18 -0.11 -0.07 -0.22 -0.24 -0.28 -0.40 -0.59 -0.35 -0.25 0.01 -0.29 -0.29 1021
-0.48 -0.43 -0.28 -0.22 -0.19 -0.33 -0.33 -0.37 -0.51 -0.68 -0.39 -0.25 -0.00 -0.35 -0.36 1022
-0.53 -0.45 -0.34 -0.28 -0.27 -0.37 -0.34 -0.37 -0.51 -0.71 -0.38 -0.25 -0.02 -0.41 -0.41 1023
-0.43 -0.34 -0.25 -0.22 -0.19 -0.25 -0.21 -0.26 -0.43 -0.66 -0.35 -0.20 0.05 -0.32 -0.33 1024
-0.45 -0.35 -0.26 -0.24 -0.18 -0.20 -0.17 -0.24 -0.45 -0.70 -0.44 -0.29 -0.02 -0.36 -0.37 1025
-0.55 -0.47 -0.32 -0.28 -0.24 -0.35 -0.37 -0.42 -0.59 -0.78 -0.55 -0.42 -0.14 -0.44 -0.44 1026
-0.65 -0.56 -0.42 -0.37 -0.37 -0.47 -0.47 -0.48 -0.62 -0.80 -0.53 -0.42 -0.18 -0.53 -0.54 1027
-0.52 -0.43 -0.33 -0.29 -0.28 -0.35 -0.34 -0.37 -0.51 -0.69 -0.41 -0.31 -0.07 -0.43 -0.43 1028
-0.47 -0.37 -0.30 -0.28 -0.24 -0.26 -0.24 -0.31 -0.49 -0.70 -0.44 -0.32 -0.07 -0.39 -0.39 1029
-0.33 -0.25 -0.15 -0.13 -0.07 -0.15 -0.18 -0.24 -0.42 -0.56 -0.31 -0.17 0.06 -0.26 -0.24 1030
-0.39 -0.30 -0.18 -0.17 -0.14 -0.23 -0.26 -0.30 -0.48 -0.62 -0.36 -0.21 0.04 -0.31 -0.30 1031
-0.49 -0.39 -0.24 -0.21 -0.22 -0.33 -0.35 -0.38 -0.52 -0.65 -0.38 -0.27 -0.02 -0.36 -0.37 1032
-0.39 -0.30 -0.21 -0.22 -0.23 -0.31 -0.32 -0.34 -0.43 -0.56 -0.29 -0.20 0.03 -0.29 -0.30 1033
-0.32 -0.25 -0.21 -0.22 -0.21 -0.24 -0.23 -0.28 -0.41 -0.56 -0.28 -0.18 0.07 -0.25 -0.24 1034
-0.44 -0.36 -0.31 -0.30 -0.24 -0.20 -0.18 -0.28 -0.49 -0.70 -0.47 -0.36 -0.09 -0.37 -0.36 1035
0.07 0.21 0.24 0.21 0.18 0.09 0.05 -0.02 -0.08 -0.16 0.17 0.30 0.53 0.14 0.14 1036
-0.12 -0.03 0.01 -0.03 -0.01 -0.13 -0.15 -0.17 -0.22 -0.30 -0.06 0.03 0.23 -0.09 -0.06 1037
-0.05 0.05 0.08 0.02 0.02 -0.10 -0.10 -0.12 -0.16 -0.22 0.05 0.16 0.34 -0.02 0.01 1038
-0.30 -0.20 -0.13 -0.15 -0.10 -0.19 -0.20 -0.25 -0.38 -0.48 -0.23 -0.11 0.08 -0.26 -0.23 1039
-0.33 -0.25 -0.18 -0.17 -0.11 -0.18 -0.19 -0.25 -0.40 -0.51 -0.24 -0.12 0.10 -0.25 -0.23 1040
-0.28 -0.20 -0.12 -0.11 -0.10 -0.19 -0.20 -0.23 -0.36 -0.46 -0.16 -0.04 0.17 -0.20 -0.18 1041
-0.32 -0.24 -0.16 -0.19 -0.23 -0.32 -0.34 -0.33 -0.42 -0.48 -0.18 -0.08 0.12 -0.24 -0.23 1042
-0.32 -0.25 -0.22 -0.27 -0.31 -0.38 -0.38 -0.37 -0.43 -0.50 -0.22 -0.13 0.07 -0.25 -0.24 1043
-0.21 -0.14 -0.13 -0.17 -0.17 -0.20 -0.19 -0.23 -0.33 -0.45 -0.17 -0.07 0.15 -0.15 -0.13 1044
-0.31 -0.23 -0.18 -0.18 -0.13 -0.11 -0.09 -0.18 -0.36 -0.56 -0.33 -0.23 0.02 -0.24 -0.23 1045
0.07 0.18 0.21 0.15 0.12 0.05 0.03 -0.04 -0.09 -0.19 0.13 0.25 0.49 0.16 0.14 1046
0.27 0.40 0.39 0.32 0.27 0.16 0.14 0.09 0.08 0.04 0.44 0.58 0.79 0.36 0.34 1047
0.24 0.38 0.38 0.33 0.30 0.21 0.18 0.11 0.09 0.06 0.46 0.61 0.79 0.34 0.32 1048
-0.09 0.01 0.06 0.02 0.02 -0.09 -0.10 -0.13 -0.18 -0.27 -0.03 0.06 0.26 -0.04 -0.01 1049
-0.11 -0.01 0.04 -0.01 -0.01 -0.10 -0.09 -0.13 -0.21 -0.30 -0.05 0.05 0.25 -0.07 -0.04 1050
-0.39 -0.30 -0.24 -0.28 -0.23 -0.29 -0.27 -0.34 -0.50 -0.61 -0.36 -0.22 -0.01 -0.33 -0.31 1051
-0.42 -0.35 -0.30 -0.32 -0.28 -0.32 -0.29 -0.35 -0.50 -0.63 -0.37 -0.24 -0.02 -0.34 -0.32 1052
-0.33 -0.27 -0.22 -0.23 -0.21 -0.27 -0.25 -0.29 -0.41 -0.53 -0.27 -0.16 0.05 -0.26 -0.24 1053
-0.32 -0.25 -0.23 -0.27 -0.31 -0.38 -0.35 -0.35 -0.40 -0.47 -0.19 -0.11 0.08 -0.25 -0.23 1054
-0.32 -0.25 -0.23 -0.27 -0.29 -0.35 -0.32 -0.32 -0.37 -0.47 -0.21 -0.14 0.05 -0.27 -0.24 1055
-0.27 -0.19 -0.15 -0.14 -0.10 -0.10 -0.07 -0.13 -0.28 -0.46 -0.24 -0.16 0.05 -0.23 -0.20 1056
-0.42 -0.32 -0.19 -0.15 -0.05 -0.01 0.01 -0.11 -0.33 -0.59 -0.45 -0.40 -0.15 -0.37 -0.37 1057
0.07 0.18 0.21 0.16 0.13 0.07 0.07 0.00 -0.03 -0.13 0.20 0.29 0.51 0.16 0.14 1058
0.14 0.27 0.29 0.22 0.19 0.10 0.10 0.04 0.03 -0.04 0.34 0.45 0.67 0.25 0.22 1059
0.07 0.21 0.25 0.21 0.21 0.14 0.13 0.05 0.00 -0.08 0.29 0.41 0.62 0.20 0.16 1060
-0.41 -0.29 -0.21 -0.19 -0.14 -0.15 -0.20 -0.30 -0.43 -0.53 -0.28 -0.14 0.08 -0.24 -0.32 1061
-0.25 -0.19 -0.17 -0.22 -0.21 -0.26 -0.23 -0.30 -0.42 -0.55 -0.29 -0.17 0.09 -0.17 -0.15 1062
-0.27 -0.20 -0.18 -0.22 -0.21 -0.26 -0.21 -0.26 -0.36 -0.51 -0.29 -0.18 0.06 -0.19 -0.17 1063
-0.34 -0.24 -0.16 -0.14 -0.08 -0.10 -0.07 -0.15 -0.31 -0.52 -0.35 -0.27 -0.05 -0.29 -0.28 1064
-0.15 -0.03 0.06 0.06 0.11 0.08 0.09 -0.02 -0.13 -0.30 -0.08 -0.01 0.22 -0.06 -0.09 1065
-0.20 -0.07 0.02 -0.01 0.00 -0.05 -0.05 -0.13 -0.20 -0.34 -0.09 -0.01 0.23 -0.09 -0.13 1066
-0.20 -0.06 0.04 0.01 0.03 -0.03 -0.02 -0.10 -0.19 -0.33 -0.08 0.02 0.25 -0.07 -0.12 1067
-0.44 -0.29 -0.17 -0.16 -0.12 -0.16 -0.17 -0.28 -0.41 -0.56 -0.30 -0.19 0.05 -0.29 -0.34 1068
-0.55 -0.40 -0.28 -0.27 -0.24 -0.28 -0.31 -0.41 -0.55 -0.67 -0.40 -0.28 -0.05 -0.41 -0.46 1069
-0.65 -0.52 -0.42 -0.42 -0.38 -0.41 -0.42 -0.51 -0.62 -0.72 -0.44 -0.33 -0.11 -0.47 -0.54 1070
-0.46 -0.36 -0.27 -0.28 -0.25 -0.29 -0.31 -0.39 -0.49 -0.56 -0.27 -0.14 0.07 -0.27 -0.35 1071
-0.05 0.05 0.08 0.03 0.04 -0.00 -0.07 -0.15 -0.22 -0.22 0.10 0.25 0.45 0.09 0.03 1072
-0.13 -0.04 0.00 -0.04 0.01 -0.01 -0.06 -0.15 -0.25 -0.29 -0.01 0.14 0.36 0.03 -0.04 1073
-0.15 -0.06 -0.06 -0.11 -0.11 -0.15 -0.14 -0.23 -0.34 -0.46 -0.21 -0.08 0.19 -0.06 -0.04 1074
-0.33 -0.21 -0.20 -0.27 -0.26 -0.31 -0.27 -0.38 -0.49 -0.63 -0.41 -0.27 -0.03 -0.28 -0.25 1075
-0.20 -0.08 -0.02 -0.02 0.06 0.07 0.07 -0.08 -0.27 -0.45 -0.24 -0.10 0.15 -0.12 -0.14 1076
-0.28 -0.14 -0.03 -0.04 0.02 0.01 0.01 -0.12 -0.28 -0.47 -0.33 -0.23 0.03 -0.19 -0.22 1077
-0.20 -0.06 0.06 0.02 0.04 0.00 0.01 -0.09 -0.22 -0.39 -0.24 -0.16 0.09 -0.12 -0.16 1078
-0.49 -0.35 -0.22 -0.26 -0.24 -0.29 -0.30 -0.40 -0.53 -0.67 -0.49 -0.41 -0.16 -0.39 -0.43 1079
-0.64 -0.51 -0.39 -0.44 -0.43 -0.48 -0.49 -0.57 -0.68 -0.79 -0.58 -0.51 -0.28 -0.54 -0.58 1080
-0.59 -0.48 -0.39 -0.44 -0.44 -0.49 -0.48 -0.53 -0.60 -0.68 -0.44 -0.36 -0.14 -0.44 -0.50 1081
-0.55 -0.48 -0.38 -0.46 -0.45 -0.50 -0.51 -0.56 -0.67 -0.71 -0.42 -0.27 -0.04 -0.34 -0.43 1082
-0.47 -0.40 -0.33 -0.35 -0.31 -0.32 -0.37 -0.47 -0.63 -0.68 -0.41 -0.25 -0.03 -0.31 -0.38 1083
-0.52 -0.44 -0.35 -0.33 -0.25 -0.23 -0.31 -0.46 -0.66 -0.74 -0.52 -0.38 -0.16 -0.39 -0.45 1084
-0.11 0.02 0.06 0.03 0.03 -0.01 -0.09 -0.19 -0.26 -0.27 0.05 0.16 0.34 -0.01 -0.05 1085
0.03 0.13 0.16 0.11 0.12 0.07 0.00 -0.08 -0.14 -0.13 0.23 0.35 0.54 0.15 0.11 1086
-0.15 -0.07 -0.02 -0.05 0.00 0.01 -0.03 -0.13 -0.25 -0.29 -0.00 0.12 0.32 -0.01 -0.07 1087
-0.26 -0.14 -0.16 -0.28 -0.27 -0.15 -0.17 -0.36 -0.60 -0.52 -0.26 -0.06 0.12 -0.08 -0.15 1088
-0.19 -0.06 -0.09 -0.18 -0.21 -0.27 -0.26 -0.33 -0.42 -0.50 -0.26 -0.13 0.10 -0.15 -0.12 1089
-0.13 -0.00 -0.04 -0.14 -0.18 -0.22 -0.21 -0.27 -0.36 -0.42 -0.17 -0.04 0.19 -0.09 -0.06 1090
-0.21 -0.09 -0.10 -0.19 -0.18 -0.19 -0.18 -0.27 -0.39 -0.47 -0.22 -0.09 0.14 -0.15 -0.13 1091
-0.18 -0.05 -0.06 -0.15 -0.13 -0.15 -0.13 -0.22 -0.33 -0.41 -0.15 -0.02 0.21 -0.11 -0.11 1092
-0.02 0.11 0.10 -0.00 0.01 -0.01 0.01 -0.08 -0.18 -0.26 0.02 0.16 0.38 0.05 0.04 1093
-0.01 0.13 0.12 0.04 0.06 0.02 0.01 -0.10 -0.21 -0.30 -0.02 0.14 0.38 0.07 0.05 1094
-0.48 -0.36 -0.34 -0.46 -0.46 -0.46 -0.47 -0.53 -0.64 -0.70 -0.51 -0.41 -0.17 -0.41 -0.43 1095
-0.60 -0.51 -0.48 -0.59 -0.58 -0.59 -0.62 -0.70 -0.82 -0.86 -0.64 -0.51 -0.29 -0.52 -0.55 1096
-0.48 -0.40 -0.35 -0.40 -0.36 -0.35 -0.40 -0.52 -0.69 -0.76 -0.55 -0.41 -0.18 -0.40 -0.43 1097
0.03 0.15 0.21 0.17 0.17 0.12 0.03 -0.07 -0.15 -0.16 0.14 0.25 0.43 0.11 0.08 1098
0.13 0.25 0.29 0.22 0.22 0.16 0.08 -0.01 -0.08 -0.06 0.28 0.39 0.58 0.22 0.19 1099
-0.15 -0.06 0.00 -0.06 -0.01 -0.02 -0.07 -0.18 -0.30 -0.31 -0.02 0.09 0.28 -0.04 -0.08 1100
-0.37 -0.29 -0.23 -0.26 -0.15 -0.08 -0.11 -0.25 -0.45 -0.52 -0.28 -0.17 0.04 -0.24 -0.29 1101
-0.55 -0.46 -0.43 -0.50 -0.34 -0.40 -0.42 -0.60 -0.69 -0.76 -0.47 -0.41 -0.18 -0.53 -0.47 1102
-0.11 -0.00 -0.03 -0.15 -0.19 -0.23 -0.21 -0.27 -0.34 -0.40 -0.16 -0.03 0.20 -0.04 -0.03 1103
-0.11 -0.00 -0.03 -0.16 -0.19 -0.19 -0.16 -0.24 -0.35 -0.41 -0.16 -0.03 0.21 -0.04 -0.04 1104
-0.11 -0.00 -0.03 -0.20 -0.24 -0.25 -0.21 -0.27 -0.37 -0.40 -0.12 0.02 0.25 -0.04 -0.05 1105
-0.05 0.06 0.01 -0.18 -0.24 -0.27 -0.23 -0.27 -0.32 -0.33 -0.00 0.14 0.37 0.03 0.01 1106
-0.04 0.10 0.06 -0.09 -0.13 -0.17 -0.16 -0.22 -0.26 -0.29 0.02 0.16 0.38 0.04 0.03 1107
-0.24 -0.09 -0.10 -0.22 -0.23 -0.27 -0.29 -0.38 -0.46 -0.50 -0.24 -0.10 0.15 -0.15 -0.17 1108
-0.23 -0.09 -0.05 -0.14 -0.13 -0.14 -0.18 -0.29 -0.40 -0.46 -0.23 -0.11 0.15 -0.13 -0.16 1109
-0.27 -0.12 -0.02 -0.03 0.05 0.10 0.06 -0.10 -0.31 -0.45 -0.31 -0.23 0.01 -0.21 -0.23 1110
-0.42 -0.31 -0.27 -0.34 -0.28 -0.24 -0.29 -0.44 -0.64 -0.75 -0.57 -0.44 -0.18 -0.37 -0.39 1111
-0.27 -0.17 -0.07 -0.06 0.02 0.02 -0.06 -0.21 -0.38 -0.49 -0.34 -0.26 -0.03 -0.21 -0.23 1112
-0.08 0.05 0.11 0.05 0.09 0.07 -0.02 -0.14 -0.27 -0.30 -0.08 0.03 0.23 -0.03 -0.05 1113
0.00 0.13 0.18 0.08 0.10 0.07 -0.02 -0.13 -0.25 -0.24 0.03 0.15 0.34 0.03 0.01 1114
-0.01 0.11 0.16 0.07 0.10 0.09 0.01 -0.11 -0.25 -0.25 0.02 0.14 0.34 0.04 0.02 1115
-0.20 -0.09 -0.02 -0.07 0.02 0.06 0.01 -0.13 -0.31 -0.37 -0.13 -0.03 0.16 -0.13 -0.15 1116
-0.32 -0.21 -0.16 -0.18 -0.06 0.02 -0.01 -0.16 -0.39 -0.46 -0.23 -0.13 0.05 -0.25 -0.27 1117
-0.36 -0.25 -0.20 -0.21 -0.08 0.02 -0.02 -0.18 -0.42 -0.50 -0.29 -0.17 0.01 -0.28 -0.31 1118
-0.28 -0.15 -0.10 -0.12 -0.00 0.08 0.03 -0.13 -0.35 -0.41 -0.21 -0.09 0.08 -0.20 -0.23 1119
-0.47 -0.37 -0.35 -0.40 -0.26 -0.33 -0.39 -0.57 -0.62 -0.66 -0.37 -0.34 -0.13 -0.48 -0.41 1120
-0.15 -0.06 -0.05 -0.19 -0.22 -0.21 -0.19 -0.28 -0.42 -0.48 -0.25 -0.13 0.12 -0.08 -0.09 1121
-0.12 -0.02 -0.04 -0.21 -0.25 -0.25 -0.23 -0.31 -0.42 -0.46 -0.20 -0.06 0.19 -0.04 -0.05 1122
-0.09 0.02 -0.01 -0.17 -0.23 -0.25 -0.23 -0.28 -0.35 -0.36 -0.08 0.02 0.26 -0.03 -0.02 1123
-0.11 0.02 -0.01 -0.18 -0.25 -0.27 -0.27 -0.30 -0.34 -0.34 -0.05 0.04 0.29 -0.03 -0.02 1124
-0.05 0.09 0.07 -0.08 -0.13 -0.15 -0.17 -0.20 -0.26 -0.26 0.02 0.11 0.35 0.03 0.03 1125
-0.05 0.10 0.12 0.02 0.02 0.04 0.03 -0.03 -0.14 -0.18 0.04 0.10 0.32 0.01 0.01 1126
-0.13 0.01 0.07 0.00 0.04 0.09 0.07 0.00 -0.12 -0.20 -0.04 -0.00 0.23 -0.05 -0.07 1127
-0.16 -0.03 0.02 -0.04 0.01 0.08 0.05 -0.03 -0.17 -0.26 -0.09 -0.05 0.20 -0.06 -0.08 1128
-0.37 -0.23 -0.19 -0.27 -0.21 -0.13 -0.17 -0.27 -0.45 -0.54 -0.36 -0.29 -0.04 -0.30 -0.30 1129
-0.45 -0.32 -0.25 -0.31 -0.23 -0.16 -0.21 -0.36 -0.59 -0.71 -0.54 -0.45 -0.17 -0.40 -0.40 1130
-0.30 -0.19 -0.09 -0.10 -0.01 0.05 -0.03 -0.20 -0.43 -0.57 -0.40 -0.31 -0.04 -0.24 -0.25 1131
-0.09 0.06 0.12 0.03 0.11 0.16 0.09 -0.05 -0.27 -0.33 -0.14 -0.01 0.20 -0.09 -0.10 1132
0.07 0.20 0.27 0.18 0.25 0.29 0.21 0.08 -0.12 -0.18 0.03 0.14 0.36 0.08 0.07 1133
0.02 0.15 0.22 0.14 0.22 0.26 0.19 0.04 -0.15 -0.21 0.01 0.10 0.32 0.05 0.04 1134
-0.14 -0.02 0.04 -0.03 0.07 0.12 0.07 -0.10 -0.30 -0.35 -0.13 -0.03 0.17 -0.11 -0.12 1135
-0.21 -0.08 0.01 -0.01 0.11 0.17 0.11 -0.05 -0.24 -0.30 -0.13 -0.04 0.12 -0.15 -0.19 1136
-0.14 -0.04 0.02 -0.01 0.02 0.13 0.08 -0.08 -0.31 -0.26 -0.11 0.02 0.17 0.04 -0.03 1137
-0.04 0.07 0.05 -0.08 -0.10 -0.09 -0.09 -0.15 -0.27 -0.31 -0.10 0.00 0.23 0.01 0.03 1138
0.06 0.18 0.16 0.02 -0.02 -0.01 -0.01 -0.05 -0.12 -0.15 0.09 0.14 0.38 0.10 0.13 1139
0.19 0.31 0.30 0.15 0.10 0.11 0.12 0.10 0.04 0.01 0.26 0.30 0.56 0.26 0.27 1140
0.14 0.27 0.30 0.17 0.15 0.20 0.22 0.20 0.10 0.04 0.25 0.26 0.51 0.22 0.22 1141
0.06 0.20 0.26 0.16 0.19 0.28 0.31 0.26 0.14 0.04 0.20 0.17 0.42 0.14 0.14 1142
-0.08 0.04 0.12 0.05 0.10 0.19 0.21 0.14 0.01 -0.10 0.04 0.01 0.27 0.02 0.01 1143
-0.28 -0.15 -0.08 -0.16 -0.12 -0.03 -0.04 -0.13 -0.28 -0.35 -0.19 -0.18 0.07 -0.18 -0.19 1144
-0.34 -0.21 -0.15 -0.23 -0.19 -0.13 -0.17 -0.27 -0.43 -0.49 -0.30 -0.26 -0.00 -0.26 -0.26 1145
-0.20 -0.09 -0.02 -0.07 -0.02 0.02 -0.05 -0.16 -0.30 -0.35 -0.15 -0.11 0.14 -0.11 -0.11 1146
-0.18 -0.07 0.00 -0.02 0.04 0.07 -0.01 -0.12 -0.26 -0.32 -0.11 -0.07 0.18 -0.08 -0.08 1147
-0.27 -0.17 -0.10 -0.11 -0.03 0.01 -0.07 -0.19 -0.36 -0.42 -0.21 -0.15 0.09 -0.17 -0.18 1148
-0.18 -0.09 -0.04 -0.07 0.02 0.05 -0.03 -0.14 -0.29 -0.33 -0.09 -0.01 0.21 -0.09 -0.10 1149
-0.07 0.03 0.08 0.04 0.12 0.13 0.05 -0.05 -0.19 -0.21 0.03 0.13 0.34 0.02 -0.00 1150
-0.03 0.08 0.14 0.11 0.20 0.22 0.12 0.01 -0.16 -0.19 0.05 0.16 0.37 0.06 0.02 1151
0.03 0.16 0.24 0.18 0.28 0.33 0.25 0.13 -0.09 -0.15 0.05 0.17 0.39 0.09 0.06 1152
-0.03 0.10 0.18 0.12 0.22 0.26 0.20 0.07 -0.14 -0.21 -0.03 0.05 0.26 -0.02 -0.03 1153
-0.11 0.02 0.10 0.03 0.13 0.18 0.12 -0.03 -0.22 -0.29 -0.09 -0.02 0.18 -0.10 -0.10 1154
-0.21 -0.09 -0.01 -0.10 0.03 0.07 0.01 -0.18 -0.37 -0.41 -0.21 -0.11 0.10 -0.16 -0.19 1155
-0.29 -0.17 -0.10 -0.17 -0.03 0.01 -0.06 -0.25 -0.44 -0.45 -0.25 -0.13 0.05 -0.22 -0.26 1156
-0.23 -0.11 -0.02 -0.06 0.08 0.14 0.08 -0.10 -0.28 -0.30 -0.10 -0.01 0.14 -0.15 -0.20 1157
-0.24 -0.11 -0.01 -0.03 0.11 0.17 0.12 -0.05 -0.24 -0.28 -0.09 -0.01 0.13 -0.15 -0.21 1158
-0.16 -0.03 0.06 0.03 0.14 0.18 0.11 -0.05 -0.22 -0.23 -0.00 0.10 0.24 -0.06 -0.11 1159
-0.11 0.01 0.07 0.03 0.10 0.11 0.04 -0.13 -0.28 -0.23 0.05 0.16 0.31 0.00 -0.04 1160
-0.12 -0.02 0.04 -0.00 0.06 0.09 0.02 -0.14 -0.30 -0.25 0.02 0.13 0.29 0.01 -0.02 1161
-0.10 -0.01 0.06 0.02 0.08 0.14 0.09 -0.07 -0.25 -0.22 0.02 0.13 0.31 0.06 0.02 1162
-0.08 0.01 0.06 0.02 0.06 0.17 0.13 -0.05 -0.28 -0.23 -0.06 0.06 0.20 0.06 0.02 1163
-0.09 0.01 0.02 -0.10 -0.09 -0.04 -0.04 -0.10 -0.22 -0.28 -0.10 -0.06 0.18 -0.04 -0.02 1164
-0.06 0.04 0.05 -0.09 -0.08 -0.01 0.01 -0.04 -0.16 -0.23 -0.07 -0.04 0.23 0.01 0.02 1165
0.03 0.14 0.18 0.02 0.02 0.11 0.16 0.12 -0.02 -0.13 0.02 0.03 0.32 0.10 0.10 1166
-0.06 0.06 0.15 0.02 0.03 0.12 0.16 0.10 -0.05 -0.18 -0.03 -0.05 0.25 0.04 0.03 1167
-0.15 -0.03 0.07 -0.01 0.01 0.10 0.13 0.06 -0.09 -0.21 -0.08 -0.12 0.16 -0.04 -0.06 1168
-0.17 -0.05 0.04 -0.05 -0.02 0.06 0.06 -0.02 -0.15 -0.24 -0.10 -0.12 0.16 -0.04 -0.06 1169
-0.17 -0.05 0.03 -0.07 -0.05 0.01 -0.01 -0.09 -0.22 -0.27 -0.10 -0.11 0.17 -0.05 -0.06 1170
-0.20 -0.08 -0.02 -0.11 -0.09 -0.04 -0.10 -0.18 -0.30 -0.32 -0.12 -0.12 0.17 -0.09 -0.09 1171
-0.27 -0.14 -0.08 -0.17 -0.15 -0.12 -0.19 -0.26 -0.36 -0.38 -0.16 -0.16 0.11 -0.19 -0.18 1172
-0.36 -0.22 -0.16 -0.24 -0.20 -0.16 -0.22 -0.31 -0.43 -0.47 -0.25 -0.24 0.00 -0.32 -0.29 1173
-0.24 -0.12 -0.06 -0.15 -0.10 -0.07 -0.14 -0.23 -0.36 -0.38 -0.15 -0.11 0.13 -0.19 -0.18 1174
-0.02 0.10 0.15 0.08 0.12 0.14 0.05 -0.03 -0.14 -0.14 0.10 0.15 0.37 0.03 0.04 1175
0.11 0.24 0.31 0.26 0.33 0.36 0.26 0.17 0.03 0.01 0.25 0.29 0.50 0.15 0.16 1176
-0.05 0.08 0.18 0.14 0.24 0.28 0.21 0.09 -0.10 -0.17 0.03 0.08 0.28 -0.02 -0.03 1177
-0.36 -0.24 -0.13 -0.19 -0.06 -0.01 -0.08 -0.23 -0.44 -0.51 -0.34 -0.28 -0.07 -0.33 -0.35 1178
-0.32 -0.21 -0.11 -0.20 -0.06 -0.02 -0.08 -0.24 -0.44 -0.49 -0.31 -0.24 -0.02 -0.29 -0.31 1179
-0.33 -0.21 -0.12 -0.21 -0.06 -0.03 -0.10 -0.28 -0.47 -0.49 -0.30 -0.20 0.00 -0.28 -0.31 1180
-0.44 -0.32 -0.23 -0.31 -0.17 -0.12 -0.21 -0.39 -0.57 -0.54 -0.32 -0.21 -0.04 -0.34 -0.41 1181
-0.37 -0.25 -0.15 -0.23 -0.08 -0.04 -0.13 -0.31 -0.49 -0.44 -0.21 -0.08 0.06 -0.26 -0.33 1182
-0.16 -0.04 0.05 -0.01 0.12 0.15 0.07 -0.11 -0.27 -0.24 0.01 0.12 0.26 -0.07 -0.13 1183
-0.08 0.05 0.14 0.08 0.16 0.16 0.07 -0.08 -0.22 -0.16 0.12 0.21 0.36 0.02 -0.03 1184
-0.21 -0.08 0.00 -0.06 -0.01 -0.03 -0.13 -0.28 -0.39 -0.30 0.02 0.11 0.26 -0.09 -0.12 1185
-0.42 -0.29 -0.21 -0.26 -0.20 -0.20 -0.29 -0.44 -0.58 -0.49 -0.19 -0.11 0.03 -0.29 -0.31 1186
-0.43 -0.32 -0.22 -0.23 -0.15 -0.10 -0.16 -0.34 -0.53 -0.48 -0.24 -0.18 -0.01 -0.27 -0.29 1187
-0.34 -0.24 -0.16 -0.16 -0.08 0.01 -0.04 -0.23 -0.44 -0.41 -0.20 -0.13 0.04 -0.17 -0.19 1188
-0.11 -0.01 0.06 0.04 0.10 0.18 0.12 -0.07 -0.28 -0.23 0.01 0.10 0.28 0.07 0.04 1189
-0.01 0.09 0.15 0.12 0.19 0.29 0.23 0.02 -0.23 -0.19 -0.01 0.09 0.25 0.11 0.09 1190
0.02 0.16 0.09 -0.05 -0.05 0.06 0.02 -0.17 -0.40 -0.32 -0.15 0.00 0.12 0.00 0.04 1191
0.14 0.29 0.17 0.00 -0.03 0.05 0.01 -0.15 -0.33 -0.21 0.01 0.18 0.28 0.11 0.16 1192
-0.20 -0.10 -0.07 -0.20 -0.13 -0.03 -0.02 -0.12 -0.31 -0.39 -0.27 -0.20 0.06 -0.13 -0.13 1193
-0.22 -0.13 -0.07 -0.17 -0.09 0.00 -0.00 -0.13 -0.33 -0.42 -0.28 -0.22 0.06 -0.12 -0.14 1194
-0.25 -0.16 -0.07 -0.16 -0.08 0.02 0.01 -0.13 -0.34 -0.45 -0.31 -0.25 0.04 -0.13 -0.17 1195
-0.23 -0.12 0.00 -0.04 0.03 0.13 0.12 -0.02 -0.22 -0.37 -0.26 -0.24 0.05 -0.11 -0.14 1196
-0.22 -0.10 0.00 -0.05 0.02 0.11 0.08 -0.03 -0.23 -0.36 -0.25 -0.23 0.05 -0.13 -0.15 1197
-0.29 -0.16 -0.10 -0.18 -0.14 -0.06 -0.11 -0.22 -0.41 -0.47 -0.30 -0.25 0.02 -0.21 -0.22 1198
-0.38 -0.23 -0.17 -0.26 -0.23 -0.16 -0.21 -0.31 -0.47 -0.53 -0.36 -0.32 -0.06 -0.31 -0.31 1199
-0.38 -0.23 -0.14 -0.23 -0.19 -0.15 -0.20 -0.30 -0.44 -0.51 -0.34 -0.35 -0.09 -0.35 -0.33 1200
-0.26 -0.11 -0.03 -0.14 -0.09 -0.05 -0.12 -0.22 -0.37 -0.41 -0.23 -0.22 0.04 -0.24 -0.22 1201
-0.20 -0.05 0.02 -0.07 -0.01 0.02 -0.08 -0.19 -0.34 -0.36 -0.16 -0.13 0.13 -0.17 -0.16 1202
-0.12 0.03 0.10 0.03 0.11 0.15 0.05 -0.07 -0.24 -0.28 -0.07 -0.03 0.21 -0.09 -0.09 1203
-0.24 -0.11 -0.01 -0.08 0.03 0.09 -0.00 -0.14 -0.34 -0.40 -0.23 -0.18 0.06 -0.22 -0.22 1204
-0.38 -0.26 -0.15 -0.22 -0.07 -0.02 -0.11 -0.28 -0.50 -0.55 -0.39 -0.32 -0.10 -0.36 -0.37 1205
-0.27 -0.16 -0.05 -0.13 0.02 0.07 -0.02 -0.19 -0.39 -0.42 -0.24 -0.16 0.05 -0.22 -0.25 1206
-0.36 -0.25 -0.14 -0.21 -0.06 -0.02 -0.10 -0.26 -0.44 -0.44 -0.26 -0.16 0.02 -0.27 -0.32 1207
-0.51 -0.38 -0.28 -0.36 -0.20 -0.16 -0.23 -0.40 -0.58 -0.53 -0.32 -0.21 -0.06 -0.39 -0.46 1208
-0.36 -0.24 -0.13 -0.22 -0.08 -0.06 -0.14 -0.30 -0.47 -0.39 -0.13 -0.02 0.12 -0.23 -0.31 1209
-0.22 -0.10 0.01 -0.08 0.04 0.04 -0.06 -0.22 -0.38 -0.29 -0.01 0.11 0.26 -0.10 -0.17 1210
-0.25 -0.11 0.02 -0.05 0.03 0.01 -0.10 -0.25 -0.39 -0.30 -0.00 0.09 0.25 -0.12 -0.19 1211
-0.36 -0.21 -0.07 -0.14 -0.06 -0.09 -0.20 -0.34 -0.48 -0.40 -0.12 -0.03 0.15 -0.22 -0.27 1212
-0.42 -0.27 -0.16 -0.21 -0.15 -0.16 -0.25 -0.39 -0.53 -0.44 -0.17 -0.11 0.06 -0.30 -0.31 1213
-0.40 -0.26 -0.15 -0.18 -0.10 -0.07 -0.15 -0.31 -0.49 -0.41 -0.16 -0.12 0.05 -0.26 -0.26 1214
-0.24 -0.11 -0.04 -0.08 -0.02 0.03 -0.05 -0.23 -0.42 -0.32 -0.04 0.05 0.24 -0.04 -0.06 1215
0.04 0.18 0.27 0.23 0.25 0.26 0.17 -0.01 -0.18 -0.06 0.25 0.35 0.54 0.26 0.23 1216
0.18 0.33 0.42 0.39 0.44 0.49 0.42 0.20 -0.01 0.06 0.29 0.37 0.53 0.33 0.32 1217
0.09 0.23 0.27 0.19 0.27 0.39 0.36 0.12 -0.14 -0.08 0.08 0.18 0.28 0.13 0.15 1218
-0.04 0.11 0.11 -0.00 0.09 0.24 0.22 -0.03 -0.33 -0.27 -0.15 -0.04 0.04 -0.06 -0.03 1219
-0.15 -0.00 0.01 -0.09 0.00 0.16 0.12 -0.14 -0.46 -0.41 -0.33 -0.21 -0.11 -0.17 -0.13 1220
0.28 0.43 0.28 0.07 0.05 0.14 0.08 -0.11 -0.28 -0.09 0.15 0.33 0.42 0.24 0.29 1221
0.28 0.42 0.26 0.05 0.01 0.10 0.04 -0.14 -0.29 -0.10 0.15 0.34 0.42 0.24 0.29 1222
-0.48 -0.34 -0.21 -0.21 -0.10 -0.01 -0.07 -0.23 -0.46 -0.59 -0.47 -0.45 -0.20 -0.41 -0.42 1223
-0.42 -0.27 -0.15 -0.18 -0.06 0.03 -0.05 -0.22 -0.45 -0.56 -0.43 -0.40 -0.15 -0.38 -0.38 1224
-0.45 -0.32 -0.19 -0.21 -0.07 0.02 -0.08 -0.27 -0.52 -0.62 -0.48 -0.43 -0.18 -0.41 -0.42 1225
-0.25 -0.11 0.01 -0.04 0.09 0.14 0.04 -0.12 -0.32 -0.33 -0.17 -0.11 0.09 -0.18 -0.22 1226
-0.37 -0.24 -0.11 -0.15 -0.01 0.05 -0.04 -0.19 -0.36 -0.35 -0.18 -0.13 0.04 -0.26 -0.31 1227
-0.57 -0.45 -0.30 -0.33 -0.15 -0.10 -0.17 -0.33 -0.49 -0.47 -0.27 -0.25 -0.11 -0.45 -0.51 1228
-0.59 -0.48 -0.31 -0.33 -0.15 -0.10 -0.17 -0.32 -0.50 -0.46 -0.25 -0.23 -0.11 -0.46 -0.53 1229
-0.52 -0.41 -0.21 -0.21 -0.05 -0.01 -0.10 -0.24 -0.42 -0.38 -0.17 -0.14 -0.01 -0.36 -0.45 1230
-0.40 -0.27 -0.07 -0.08 0.05 0.06 -0.05 -0.19 -0.38 -0.32 -0.06 -0.01 0.14 -0.24 -0.31 1231
-0.33 -0.18 -0.02 -0.04 0.08 0.08 -0.04 -0.18 -0.37 -0.31 -0.07 0.02 0.21 -0.17 -0.23 1232
-0.39 -0.21 -0.08 -0.11 -0.02 -0.01 -0.13 -0.25 -0.43 -0.35 -0.14 -0.09 0.08 -0.27 -0.28 1233
-0.28 -0.10 0.01 -0.02 0.06 0.10 0.00 -0.14 -0.34 -0.25 -0.05 -0.02 0.15 -0.17 -0.16 1234
-0.21 -0.05 0.02 -0.03 0.05 0.13 0.05 -0.14 -0.37 -0.25 -0.03 0.04 0.20 -0.07 -0.06 1235
-0.22 -0.06 0.00 -0.07 -0.00 0.07 -0.00 -0.20 -0.42 -0.28 -0.04 0.04 0.21 -0.05 -0.06 1236
-0.18 -0.02 0.07 0.01 0.10 0.21 0.18 -0.04 -0.28 -0.19 -0.01 0.04 0.17 -0.05 -0.04 1237
-0.14 0.02 0.07 -0.03 0.08 0.23 0.22 -0.03 -0.33 -0.26 -0.13 -0.06 0.02 -0.13 -0.10 1238
-0.16 -0.01 -0.02 -0.18 -0.08 0.08 0.06 -0.19 -0.49 -0.37 -0.27 -0.15 -0.10 -0.21 -0.17 1239
-0.23 -0.06 -0.07 -0.20 -0.10 0.07 0.03 -0.24 -0.56 -0.45 -0.37 -0.26 -0.21 -0.28 -0.24 1240
-0.11 0.06 0.05 -0.05 0.07 0.25 0.17 -0.13 -0.46 -0.35 -0.26 -0.15 -0.10 -0.17 -0.12 1241
0.08 0.23 0.12 -0.05 0.00 0.15 0.09 -0.16 -0.39 -0.22 -0.02 0.13 0.18 0.02 0.08 1242
0.21 0.36 0.20 -0.02 -0.02 0.09 0.04 -0.17 -0.34 -0.11 0.18 0.35 0.40 0.19 0.23 1243
-0.52 -0.36 -0.23 -0.29 -0.17 -0.12 -0.24 -0.40 -0.60 -0.58 -0.43 -0.38 -0.19 -0.45 -0.49 1244
-0.62 -0.47 -0.34 -0.40 -0.27 -0.22 -0.34 -0.48 -0.65 -0.61 -0.44 -0.41 -0.23 -0.53 -0.58 1245
-0.70 -0.59 -0.42 -0.46 -0.31 -0.27 -0.37 -0.50 -0.64 -0.60 -0.42 -0.42 -0.26 -0.58 -0.64 1246
-0.78 -0.69 -0.46 -0.44 -0.27 -0.25 -0.35 -0.48 -0.62 -0.58 -0.41 -0.43 -0.30 -0.61 -0.70 1247
-0.65 -0.55 -0.30 -0.26 -0.10 -0.09 -0.20 -0.31 -0.48 -0.45 -0.28 -0.28 -0.13 -0.44 -0.54 1248
-0.34 -0.21 0.03 0.05 0.18 0.18 0.06 -0.05 -0.22 -0.18 0.01 0.01 0.17 -0.17 -0.23 1249
-0.27 -0.11 0.07 0.05 0.14 0.13 0.00 -0.09 -0.23 -0.17 0.02 0.04 0.23 -0.11 -0.15 1250
-0.29 -0.11 0.02 -0.04 0.04 0.06 -0.06 -0.16 -0.33 -0.24 -0.08 -0.06 0.13 -0.17 -0.19 1251
-0.10 0.08 0.19 0.11 0.17 0.20 0.08 -0.06 -0.25 -0.16 -0.00 0.03 0.24 -0.01 -0.00 1252
-0.10 0.08 0.18 0.10 0.16 0.22 0.11 -0.07 -0.29 -0.20 -0.04 0.01 0.22 0.00 0.01 1253
-0.19 -0.02 0.06 -0.02 0.07 0.17 0.10 -0.10 -0.33 -0.24 -0.07 -0.03 0.14 -0.08 -0.07 1254
-0.36 -0.20 -0.13 -0.19 -0.05 0.11 0.09 -0.15 -0.42 -0.34 -0.21 -0.19 -0.09 -0.28 -0.26 1255
-0.19 -0.03 0.02 -0.06 0.08 0.24 0.21 -0.05 -0.34 -0.27 -0.17 -0.13 -0.05 -0.19 -0.16 1256
0.05 0.21 0.19 0.04 0.14 0.27 0.23 -0.01 -0.28 -0.15 -0.01 0.10 0.16 0.01 0.05 1257
0.03 0.20 0.16 -0.01 0.07 0.20 0.13 -0.13 -0.39 -0.19 -0.04 0.09 0.12 -0.03 0.02 1258
-0.12 0.05 -0.02 -0.16 -0.06 0.10 0.01 -0.25 -0.53 -0.31 -0.14 -0.01 -0.01 -0.17 -0.12 1259
-0.15 0.00 -0.10 -0.25 -0.16 -0.00 -0.07 -0.31 -0.55 -0.33 -0.13 0.01 0.01 -0.19 -0.15 1260
-0.06 0.08 -0.04 -0.22 -0.14 0.01 -0.05 -0.31 -0.52 -0.30 -0.04 0.11 0.14 -0.09 -0.06 1261
-0.03 0.10 0.02 -0.14 -0.04 0.11 0.04 -0.24 -0.48 -0.30 -0.06 0.09 0.15 -0.04 -0.02 1262
-0.52 -0.34 -0.21 -0.27 -0.14 -0.07 -0.21 -0.39 -0.61 -0.58 -0.46 -0.40 -0.22 -0.47 -0.51 1263
-0.57 -0.41 -0.28 -0.34 -0.21 -0.14 -0.26 -0.41 -0.60 -0.57 -0.44 -0.42 -0.24 -0.50 -0.55 1264
-0.67 -0.53 -0.37 -0.41 -0.30 -0.25 -0.36 -0.46 -0.62 -0.58 -0.44 -0.46 -0.29 -0.57 -0.62 1265
-0.67 -0.55 -0.33 -0.32 -0.24 -0.24 -0.38 -0.46 -0.58 -0.53 -0.35 -0.41 -0.25 -0.56 -0.60 1266
-0.49 -0.36 -0.12 -0.10 -0.02 -0.03 -0.20 -0.27 -0.41 -0.34 -0.16 -0.22 -0.06 -0.37 -0.41 1267
-0.63 -0.48 -0.24 -0.23 -0.14 -0.15 -0.31 -0.38 -0.53 -0.46 -0.31 -0.35 -0.18 -0.50 -0.54 1268
-0.69 -0.51 -0.35 -0.38 -0.31 -0.30 -0.43 -0.50 -0.63 -0.56 -0.43 -0.44 -0.26 -0.57 -0.59 1269
-0.38 -0.18 -0.12 -0.25 -0.23 -0.18 -0.30 -0.40 -0.57 -0.46 -0.32 -0.26 -0.03 -0.30 -0.29 1270
-0.11 0.06 0.11 -0.03 -0.01 0.04 -0.11 -0.25 -0.44 -0.30 -0.13 -0.04 0.21 -0.02 -0.01 1271
0.07 0.24 0.29 0.17 0.21 0.27 0.14 -0.04 -0.23 -0.11 0.05 0.10 0.32 0.13 0.16 1272
-0.07 0.09 0.15 0.07 0.17 0.29 0.20 -0.01 -0.23 -0.14 -0.01 -0.00 0.14 -0.04 -0.00 1273
-0.36 -0.21 -0.17 -0.23 -0.06 0.12 0.08 -0.17 -0.42 -0.32 -0.20 -0.20 -0.14 -0.34 -0.30 1274
-0.25 -0.09 -0.08 -0.18 -0.04 0.12 0.07 -0.18 -0.44 -0.31 -0.19 -0.13 -0.07 -0.25 -0.21 1275
-0.05 0.12 0.11 -0.03 0.09 0.21 0.14 -0.11 -0.36 -0.19 -0.05 0.04 0.09 -0.09 -0.04 1276
-0.07 0.09 0.06 -0.09 0.03 0.17 0.09 -0.16 -0.42 -0.22 -0.05 0.04 0.07 -0.13 -0.07 1277
-0.08 0.08 0.06 -0.07 0.06 0.21 0.14 -0.13 -0.41 -0.22 -0.06 0.04 0.06 -0.13 -0.08 1278
-0.17 -0.01 -0.03 -0.13 0.02 0.18 0.10 -0.17 -0.44 -0.29 -0.14 -0.05 -0.02 -0.21 -0.17 1279
-0.09 0.05 -0.02 -0.16 -0.03 0.13 0.04 -0.23 -0.47 -0.28 -0.07 0.05 0.08 -0.12 -0.10 1280
-0.49 -0.33 -0.17 -0.18 -0.03 0.06 -0.07 -0.21 -0.41 -0.39 -0.31 -0.31 -0.17 -0.41 -0.46 1281
-0.45 -0.29 -0.12 -0.15 -0.05 0.03 -0.06 -0.17 -0.35 -0.34 -0.26 -0.29 -0.15 -0.40 -0.43 1282
-0.40 -0.23 -0.06 -0.10 -0.06 -0.02 -0.13 -0.20 -0.36 -0.33 -0.21 -0.26 -0.11 -0.38 -0.38 1283
-0.46 -0.30 -0.10 -0.14 -0.10 -0.08 -0.23 -0.29 -0.45 -0.37 -0.23 -0.29 -0.14 -0.42 -0.42 1284
-0.72 -0.54 -0.33 -0.35 -0.28 -0.26 -0.42 -0.49 -0.65 -0.57 -0.45 -0.52 -0.37 -0.67 -0.67 1285
-0.67 -0.48 -0.34 -0.37 -0.31 -0.27 -0.41 -0.48 -0.64 -0.55 -0.45 -0.48 -0.31 -0.60 -0.59 1286
-0.15 0.05 0.09 0.00 0.02 0.07 -0.07 -0.17 -0.34 -0.20 -0.06 -0.01 0.18 -0.08 -0.05 1287
-0.15 0.02 0.05 -0.05 -0.03 0.02 -0.13 -0.26 -0.44 -0.28 -0.11 -0.05 0.13 -0.11 -0.07 1288
-0.05 0.12 0.16 0.05 0.08 0.16 0.03 -0.14 -0.33 -0.20 -0.03 -0.00 0.17 -0.02 0.02 1289
-0.17 0.01 0.06 -0.04 0.06 0.18 0.08 -0.13 -0.33 -0.22 -0.09 -0.09 0.04 -0.15 -0.11 1290
-0.26 -0.09 -0.07 -0.15 -0.01 0.15 0.07 -0.16 -0.40 -0.26 -0.14 -0.13 -0.05 -0.24 -0.21 1291
-0.21 -0.05 -0.06 -0.18 -0.05 0.10 0.01 -0.23 -0.47 -0.29 -0.16 -0.10 -0.04 -0.22 -0.18 1292
-0.19 -0.03 -0.04 -0.16 -0.03 0.12 0.03 -0.22 -0.48 -0.31 -0.18 -0.10 -0.04 -0.22 -0.17 1293
-0.17 -0.01 -0.03 -0.16 -0.02 0.13 0.04 -0.21 -0.48 -0.30 -0.15 -0.06 -0.01 -0.22 -0.17 1294
-0.10 0.05 0.02 -0.13 0.02 0.17 0.09 -0.18 -0.46 -0.28 -0.10 0.02 0.08 -0.14 -0.10 1295
-0.00 0.16 0.14 -0.00 0.14 0.29 0.20 -0.06 -0.33 -0.17 0.00 0.11 0.17 -0.03 -0.00 1296
0.02 0.17 0.12 -0.03 0.10 0.24 0.13 -0.13 -0.36 -0.17 0.02 0.13 0.18 -0.01 0.01 1297
-0.19 -0.02 0.11 0.05 0.16 0.24 0.13 0.00 -0.18 -0.16 -0.08 -0.07 0.08 -0.15 -0.19 1298
-0.11 0.09 0.20 0.09 0.15 0.20 0.11 0.00 -0.16 -0.13 -0.03 -0.03 0.13 -0.11 -0.12 1299
-0.23 -0.01 0.11 -0.03 0.01 0.05 -0.07 -0.17 -0.33 -0.25 -0.13 -0.12 0.04 -0.24 -0.25 1300
-0.30 -0.09 0.05 -0.04 0.01 0.07 -0.07 -0.18 -0.36 -0.30 -0.20 -0.21 -0.05 -0.31 -0.31 1301
-0.14 0.06 0.18 0.13 0.17 0.23 0.09 -0.01 -0.20 -0.12 -0.02 -0.03 0.12 -0.12 -0.10 1302
0.01 0.19 0.25 0.20 0.22 0.27 0.11 0.02 -0.15 -0.02 0.13 0.13 0.29 0.04 0.09 1303
-0.11 0.07 0.11 0.03 0.04 0.08 -0.11 -0.22 -0.38 -0.21 -0.04 -0.01 0.14 -0.11 -0.06 1304
-0.17 0.02 0.08 -0.03 -0.03 0.01 -0.14 -0.28 -0.44 -0.30 -0.13 -0.09 0.08 -0.15 -0.12 1305
-0.40 -0.22 -0.14 -0.24 -0.18 -0.10 -0.21 -0.38 -0.56 -0.44 -0.28 -0.27 -0.14 -0.36 -0.34 1306
-0.39 -0.23 -0.18 -0.28 -0.21 -0.13 -0.26 -0.44 -0.60 -0.41 -0.23 -0.22 -0.14 -0.38 -0.35 1307
-0.32 -0.15 -0.12 -0.25 -0.18 -0.11 -0.24 -0.43 -0.58 -0.37 -0.17 -0.15 -0.08 -0.31 -0.28 1308
-0.23 -0.06 -0.04 -0.18 -0.10 -0.01 -0.11 -0.32 -0.50 -0.33 -0.15 -0.08 0.02 -0.20 -0.19 1309
-0.17 -0.01 -0.00 -0.13 -0.01 0.12 0.03 -0.20 -0.44 -0.30 -0.14 -0.05 0.04 -0.16 -0.15 1310
-0.17 -0.02 -0.04 -0.16 0.00 0.15 0.05 -0.20 -0.46 -0.31 -0.18 -0.08 -0.01 -0.21 -0.18 1311
-0.07 0.09 0.03 -0.10 0.05 0.19 0.06 -0.18 -0.40 -0.19 -0.01 0.08 0.11 -0.13 -0.08 1312
0.03 0.18 0.11 -0.04 0.06 0.15 0.01 -0.23 -0.39 -0.14 0.09 0.19 0.22 -0.02 0.01 1313
-0.07 0.08 0.04 -0.07 0.05 0.16 -0.00 -0.26 -0.44 -0.24 -0.07 0.02 0.05 -0.13 -0.09 1314
-0.14 0.04 0.13 0.07 0.16 0.21 0.05 -0.08 -0.21 -0.16 -0.05 -0.04 0.11 -0.13 -0.15 1315
-0.30 -0.11 0.01 -0.03 0.08 0.17 0.02 -0.13 -0.36 -0.34 -0.28 -0.27 -0.11 -0.32 -0.32 1316
-0.23 -0.06 0.04 0.03 0.12 0.19 0.01 -0.13 -0.35 -0.29 -0.22 -0.21 -0.06 -0.24 -0.21 1317
-0.02 0.17 0.24 0.21 0.23 0.28 0.09 -0.04 -0.24 -0.13 -0.03 -0.01 0.13 -0.06 -0.00 1318
0.11 0.30 0.35 0.27 0.26 0.26 0.07 -0.04 -0.19 -0.04 0.11 0.14 0.28 0.06 0.13 1319
-0.13 0.05 0.14 0.04 0.01 -0.04 -0.23 -0.34 -0.46 -0.29 -0.10 -0.06 0.08 -0.15 -0.10 1320
-0.43 -0.25 -0.14 -0.23 -0.24 -0.30 -0.48 -0.61 -0.71 -0.51 -0.30 -0.29 -0.19 -0.45 -0.41 1321
-0.52 -0.34 -0.23 -0.33 -0.32 -0.36 -0.53 -0.66 -0.74 -0.54 -0.32 -0.32 -0.23 -0.50 -0.48 1322
-0.46 -0.28 -0.22 -0.34 -0.30 -0.30 -0.42 -0.58 -0.66 -0.47 -0.26 -0.24 -0.16 -0.43 -0.42 1323
-0.24 -0.06 -0.05 -0.15 -0.06 0.02 -0.09 -0.27 -0.41 -0.24 -0.08 -0.04 0.03 -0.23 -0.22 1324
-0.23 -0.06 -0.04 -0.09 0.07 0.21 0.10 -0.11 -0.33 -0.21 -0.12 -0.10 -0.05 -0.25 -0.22 1325
-0.09 0.07 0.06 -0.02 0.12 0.24 0.11 -0.11 -0.31 -0.14 -0.03 0.02 0.05 -0.15 -0.10 1326
0.08 0.25 0.16 0.02 0.09 0.15 -0.02 -0.22 -0.34 -0.06 0.15 0.23 0.24 -0.01 0.06 1327
-0.01 0.15 0.08 -0.03 0.08 0.17 0.00 -0.24 -0.39 -0.17 -0.01 0.08 0.10 -0.09 -0.03 1328
-0.26 -0.10 -0.03 -0.08 0.02 0.08 -0.10 -0.23 -0.34 -0.25 -0.16 -0.16 -0.05 -0.27 -0.28 1329
-0.28 -0.10 0.01 0.03 0.12 0.20 0.00 -0.13 -0.35 -0.29 -0.27 -0.30 -0.20 -0.34 -0.30 1330
-0.16 0.01 0.09 0.08 0.16 0.20 0.00 -0.11 -0.28 -0.16 -0.11 -0.12 -0.03 -0.23 -0.17 1331
-0.09 0.09 0.18 0.14 0.14 0.10 -0.10 -0.18 -0.29 -0.13 -0.01 -0.02 0.07 -0.15 -0.09 1332
-0.20 -0.02 0.11 0.06 0.05 -0.05 -0.26 -0.35 -0.42 -0.23 -0.07 -0.08 -0.01 -0.25 -0.20 1333
-0.44 -0.26 -0.10 -0.12 -0.11 -0.22 -0.44 -0.54 -0.60 -0.40 -0.22 -0.24 -0.19 -0.46 -0.43 1334
-0.45 -0.26 -0.12 -0.15 -0.11 -0.19 -0.37 -0.48 -0.53 -0.33 -0.18 -0.22 -0.20 -0.47 -0.44 1335
-0.36 -0.16 -0.08 -0.11 -0.03 -0.04 -0.20 -0.34 -0.41 -0.23 -0.10 -0.13 -0.11 -0.38 -0.35 1336
-0.35 -0.16 -0.08 -0.08 0.07 0.14 -0.01 -0.20 -0.35 -0.23 -0.16 -0.19 -0.17 -0.39 -0.36 1337
-0.32 -0.12 -0.08 -0.09 0.08 0.19 0.03 -0.20 -0.42 -0.30 -0.26 -0.25 -0.21 -0.39 -0.33 1338
-0.06 0.13 0.09 0.00 0.12 0.20 0.01 -0.21 -0.38 -0.17 -0.08 -0.03 0.01 -0.17 -0.09 1339
-0.01 0.17 0.10 -0.00 0.09 0.17 -0.00 -0.21 -0.35 -0.14 -0.03 0.03 0.07 -0.11 -0.03 1340
-0.01 0.16 0.10 0.04 0.16 0.28 0.12 -0.12 -0.30 -0.14 -0.04 0.02 0.05 -0.09 -0.03 1341
-0.23 -0.09 -0.05 -0.12 -0.02 0.04 -0.14 -0.28 -0.37 -0.27 -0.16 -0.16 -0.05 -0.26 -0.26 1342
-0.17 -0.02 0.02 -0.04 0.05 0.10 -0.08 -0.21 -0.30 -0.19 -0.09 -0.10 0.01 -0.21 -0.20 1343
-0.32 -0.15 -0.06 -0.02 0.12 0.17 -0.03 -0.14 -0.28 -0.16 -0.14 -0.21 -0.20 -0.40 -0.34 1344
-0.31 -0.13 -0.02 0.01 0.11 0.12 -0.09 -0.20 -0.30 -0.15 -0.09 -0.14 -0.13 -0.38 -0.32 1345
-0.31 -0.14 0.03 0.08 0.16 0.09 -0.14 -0.24 -0.32 -0.14 -0.05 -0.11 -0.12 -0.36 -0.32 1346
-0.31 -0.12 0.11 0.21 0.28 0.19 -0.06 -0.16 -0.23 -0.05 0.02 -0.09 -0.12 -0.35 -0.31 1347
-0.34 -0.13 0.06 0.14 0.24 0.20 -0.03 -0.15 -0.23 -0.06 0.01 -0.10 -0.13 -0.37 -0.33 1348
-0.40 -0.18 -0.04 0.03 0.18 0.21 -0.01 -0.18 -0.31 -0.17 -0.10 -0.19 -0.20 -0.45 -0.41 1349
-0.31 -0.10 -0.00 0.03 0.20 0.26 0.06 -0.16 -0.34 -0.22 -0.17 -0.21 -0.17 -0.37 -0.32 1350
-0.11 0.10 0.12 0.10 0.25 0.34 0.15 -0.09 -0.30 -0.16 -0.12 -0.11 -0.04 -0.21 -0.13 1351
0.03 0.25 0.21 0.13 0.23 0.31 0.13 -0.08 -0.23 -0.04 0.03 0.04 0.08 -0.09 0.00 1352
0.08 0.30 0.23 0.15 0.26 0.36 0.21 -0.01 -0.15 0.03 0.08 0.09 0.13 -0.03 0.05 1353
-0.48 -0.31 -0.26 -0.21 0.00 0.10 -0.10 -0.24 -0.38 -0.27 -0.29 -0.34 -0.32 -0.55 -0.50 1354
-0.30 -0.12 -0.05 -0.02 0.14 0.19 -0.01 -0.13 -0.24 -0.09 -0.08 -0.13 -0.13 -0.37 -0.33 1355
-0.21 -0.02 0.13 0.22 0.34 0.34 0.11 0.00 -0.08 0.08 0.10 -0.01 -0.05 -0.27 -0.22 1356
-0.27 -0.05 0.14 0.27 0.38 0.37 0.14 0.02 -0.08 0.08 0.10 -0.05 -0.09 -0.33 -0.27 1357
-0.26 -0.03 0.13 0.22 0.35 0.37 0.15 0.00 -0.13 -0.00 0.03 -0.07 -0.07 -0.32 -0.27 1358
-0.13 0.10 0.22 0.27 0.41 0.44 0.22 0.03 -0.13 -0.05 0.01 -0.04 0.02 -0.20 -0.15 1359
-0.05 0.19 0.25 0.26 0.42 0.48 0.26 0.01 -0.18 -0.07 -0.04 -0.04 0.04 -0.14 -0.07 1360
-0.00 0.24 0.24 0.22 0.35 0.42 0.23 -0.01 -0.19 -0.03 -0.01 -0.00 0.04 -0.11 -0.02 1361
0.08 0.33 0.28 0.23 0.35 0.44 0.27 0.04 -0.11 0.05 0.05 0.06 0.09 -0.04 0.06 1362
-0.39 -0.25 -0.26 -0.22 -0.05 0.07 -0.16 -0.28 -0.40 -0.30 -0.35 -0.36 -0.32 -0.47 -0.43 1363
-0.29 -0.11 -0.09 -0.08 0.08 0.15 -0.07 -0.21 -0.33 -0.20 -0.21 -0.22 -0.18 -0.37 -0.33 1364
-0.23 -0.04 0.03 0.10 0.25 0.28 0.03 -0.10 -0.20 -0.06 -0.09 -0.14 -0.13 -0.31 -0.26 1365
-0.22 -0.01 0.15 0.30 0.44 0.44 0.19 0.07 -0.02 0.10 0.04 -0.09 -0.12 -0.30 -0.23 1366
-0.19 0.04 0.22 0.37 0.52 0.52 0.29 0.16 0.04 0.12 0.08 -0.05 -0.05 -0.26 -0.19 1367
-0.16 0.08 0.22 0.33 0.48 0.49 0.25 0.08 -0.05 0.04 0.03 -0.06 -0.04 -0.25 -0.17 1368
-0.18 0.07 0.14 0.24 0.41 0.45 0.20 -0.03 -0.20 -0.08 -0.08 -0.13 -0.11 -0.29 -0.20 1369
-0.08 0.18 0.18 0.23 0.39 0.46 0.24 -0.02 -0.18 -0.03 -0.05 -0.06 -0.06 -0.20 -0.08 1370
0.02 0.27 0.23 0.26 0.42 0.51 0.30 0.04 -0.14 0.00 -0.04 -0.03 -0.01 -0.11 0.01 1371
-0.41 -0.27 -0.32 -0.31 -0.14 -0.03 -0.27 -0.42 -0.56 -0.43 -0.43 -0.39 -0.33 -0.49 -0.45 1372
-0.28 -0.08 0.04 0.20 0.35 0.34 0.07 -0.04 -0.11 -0.00 -0.10 -0.21 -0.22 -0.35 -0.29 1373
-0.22 -0.01 0.18 0.38 0.55 0.54 0.29 0.17 0.07 0.15 0.04 -0.11 -0.14 -0.29 -0.22 1374
-0.22 0.02 0.15 0.31 0.47 0.48 0.23 0.09 -0.01 0.09 0.01 -0.11 -0.12 -0.30 -0.22 1375
-0.22 0.04 0.09 0.20 0.37 0.40 0.15 -0.03 -0.17 -0.05 -0.12 -0.18 -0.17 -0.34 -0.23 1376
-0.17 0.09 0.10 0.20 0.39 0.48 0.27 0.02 -0.17 -0.08 -0.16 -0.19 -0.18 -0.29 -0.16 1377
-0.19 0.05 -0.02 0.07 0.29 0.41 0.19 -0.11 -0.33 -0.21 -0.26 -0.23 -0.22 -0.33 -0.19 1378
-0.42 -0.24 -0.11 0.07 0.23 0.23 -0.06 -0.19 -0.27 -0.18 -0.31 -0.40 -0.39 -0.48 -0.43 1379
-0.35 -0.14 0.03 0.25 0.43 0.39 0.10 -0.04 -0.11 -0.03 -0.15 -0.29 -0.30 -0.43 -0.36 1380
-0.30 -0.05 0.07 0.24 0.41 0.38 0.09 -0.05 -0.13 -0.00 -0.09 -0.20 -0.22 -0.41 -0.31 1381
-0.28 -0.01 0.00 0.08 0.22 0.24 -0.03 -0.18 -0.27 -0.10 -0.17 -0.22 -0.22 -0.42 -0.30 1382
-0.27 -0.02 -0.03 0.07 0.25 0.32 0.10 -0.11 -0.25 -0.11 -0.18 -0.24 -0.26 -0.41 -0.28 1383
-0.18 0.05 -0.02 0.06 0.26 0.35 0.13 -0.12 -0.28 -0.13 -0.17 -0.19 -0.23 -0.36 -0.20 1384
-0.49 -0.32 -0.26 -0.10 0.07 0.08 -0.23 -0.38 -0.47 -0.36 -0.49 -0.54 -0.51 -0.56 -0.52 1385
-0.34 -0.15 -0.08 0.07 0.22 0.18 -0.15 -0.29 -0.34 -0.20 -0.30 -0.35 -0.35 -0.45 -0.38 1386
-0.22 -0.01 0.09 0.29 0.46 0.41 0.07 -0.08 -0.13 0.01 -0.07 -0.17 -0.20 -0.35 -0.26 1387
-0.25 -0.03 0.02 0.18 0.36 0.33 0.03 -0.12 -0.17 -0.01 -0.07 -0.15 -0.19 -0.37 -0.27 1388
-0.31 -0.10 -0.08 0.06 0.27 0.31 0.06 -0.12 -0.20 -0.06 -0.13 -0.23 -0.28 -0.44 -0.32 1389
-0.23 -0.02 -0.05 0.04 0.25 0.33 0.14 -0.07 -0.18 -0.01 -0.09 -0.19 -0.28 -0.42 -0.26 1390
-0.09 0.12 0.05 0.07 0.22 0.27 0.08 -0.11 -0.19 0.03 -0.00 -0.09 -0.19 -0.34 -0.15 1391
-0.08 0.14 0.06 0.10 0.27 0.32 0.11 -0.12 -0.22 -0.04 -0.06 -0.11 -0.19 -0.33 -0.14 1392
-0.28 -0.10 -0.14 -0.07 0.04 0.01 -0.32 -0.45 -0.48 -0.26 -0.31 -0.30 -0.31 -0.42 -0.34 1393
-0.21 -0.02 0.01 0.15 0.27 0.20 -0.12 -0.25 -0.24 -0.04 -0.08 -0.16 -0.21 -0.35 -0.26 1394
-0.27 -0.10 -0.03 0.12 0.28 0.23 -0.07 -0.21 -0.22 -0.06 -0.10 -0.20 -0.24 -0.40 -0.30 1395
-0.40 -0.23 -0.16 -0.00 0.21 0.23 -0.02 -0.21 -0.29 -0.19 -0.28 -0.37 -0.39 -0.51 -0.42 1396
-0.39 -0.21 -0.19 -0.08 0.17 0.25 0.06 -0.16 -0.28 -0.17 -0.29 -0.38 -0.44 -0.53 -0.42 1397
-0.26 -0.06 -0.12 -0.08 0.11 0.18 -0.01 -0.19 -0.25 -0.05 -0.13 -0.22 -0.32 -0.45 -0.30 1398
-0.17 0.03 -0.06 -0.04 0.12 0.16 -0.04 -0.22 -0.27 -0.04 -0.08 -0.15 -0.25 -0.39 -0.23 1399
-0.17 0.02 -0.07 -0.05 0.11 0.15 -0.07 -0.28 -0.34 -0.13 -0.16 -0.19 -0.26 -0.38 -0.22 1400
-0.25 -0.05 -0.05 0.06 0.14 0.10 -0.19 -0.26 -0.23 -0.03 -0.10 -0.20 -0.28 -0.42 -0.31 1401
-0.19 0.02 0.02 0.12 0.19 0.16 -0.12 -0.19 -0.16 0.02 -0.05 -0.16 -0.23 -0.37 -0.26 1402
-0.24 -0.05 -0.03 0.08 0.22 0.21 -0.05 -0.17 -0.20 -0.07 -0.15 -0.24 -0.29 -0.42 -0.31 1403
-0.32 -0.14 -0.14 -0.04 0.17 0.21 -0.02 -0.18 -0.26 -0.11 -0.21 -0.29 -0.37 -0.49 -0.38 1404
-0.29 -0.11 -0.19 -0.13 0.05 0.12 -0.09 -0.24 -0.30 -0.08 -0.16 -0.21 -0.33 -0.47 -0.35 1405
-0.22 -0.03 -0.15 -0.13 -0.00 0.03 -0.19 -0.34 -0.35 -0.09 -0.12 -0.16 -0.27 -0.42 -0.28 1406
-0.17 0.02 -0.10 -0.11 0.01 0.02 -0.21 -0.39 -0.40 -0.14 -0.15 -0.16 -0.25 -0.37 -0.22 1407
-0.17 0.04 -0.02 0.07 0.11 0.11 -0.17 -0.20 -0.15 0.07 -0.03 -0.13 -0.24 -0.37 -0.25 1408
-0.06 0.16 0.09 0.17 0.19 0.18 -0.11 -0.14 -0.07 0.16 0.09 -0.02 -0.13 -0.28 -0.15 1409
-0.06 0.14 0.11 0.22 0.30 0.26 -0.04 -0.12 -0.09 0.11 0.04 -0.06 -0.16 -0.29 -0.16 1410
-0.20 -0.02 -0.04 0.07 0.23 0.22 -0.08 -0.22 -0.25 -0.05 -0.12 -0.18 -0.29 -0.43 -0.30 1411
-0.28 -0.08 -0.19 -0.15 0.02 0.05 -0.24 -0.38 -0.43 -0.16 -0.22 -0.22 -0.35 -0.52 -0.38 1412
-0.20 0.00 -0.16 -0.18 -0.09 -0.09 -0.37 -0.48 -0.46 -0.15 -0.17 -0.16 -0.27 -0.43 -0.28 1413
-0.24 -0.04 -0.22 -0.25 -0.19 -0.21 -0.47 -0.60 -0.56 -0.25 -0.27 -0.26 -0.34 -0.45 -0.30 1414
-0.15 0.05 -0.12 -0.13 -0.03 -0.01 -0.28 -0.46 -0.48 -0.20 -0.23 -0.24 -0.30 -0.38 -0.22 1415
-0.13 0.07 -0.04 0.03 0.06 0.06 -0.26 -0.29 -0.23 0.04 -0.01 -0.09 -0.23 -0.38 -0.25 1416
-0.04 0.18 0.08 0.16 0.18 0.15 -0.16 -0.18 -0.10 0.17 0.12 0.00 -0.14 -0.31 -0.16 1417
-0.03 0.18 0.12 0.23 0.29 0.25 -0.08 -0.15 -0.10 0.13 0.07 -0.03 -0.15 -0.29 -0.14 1418
-0.09 0.12 0.06 0.17 0.28 0.26 -0.08 -0.21 -0.22 0.00 -0.07 -0.12 -0.22 -0.34 -0.20 1419
-0.07 0.15 0.03 0.06 0.17 0.17 -0.16 -0.31 -0.33 -0.06 -0.13 -0.13 -0.22 -0.34 -0.18 1420
-0.05 0.16 -0.02 -0.07 -0.03 -0.05 -0.36 -0.46 -0.42 -0.13 -0.17 -0.14 -0.19 -0.30 -0.16 1421
-0.36 -0.16 -0.38 -0.42 -0.36 -0.35 -0.63 -0.74 -0.70 -0.40 -0.45 -0.44 -0.49 -0.58 -0.43 1422
-0.17 0.02 -0.17 -0.17 -0.06 -0.00 -0.30 -0.49 -0.53 -0.25 -0.28 -0.29 -0.34 -0.42 -0.24 1423
-0.12 0.07 -0.02 0.07 0.13 0.15 -0.17 -0.20 -0.17 0.08 -0.01 -0.11 -0.27 -0.39 -0.25 1424
-0.14 0.06 0.01 0.10 0.14 0.12 -0.19 -0.21 -0.15 0.10 0.01 -0.11 -0.27 -0.40 -0.26 1425
-0.11 0.10 0.06 0.18 0.25 0.23 -0.08 -0.13 -0.10 0.12 0.01 -0.11 -0.24 -0.36 -0.22 1426
-0.05 0.16 0.08 0.16 0.25 0.25 -0.06 -0.15 -0.17 0.05 -0.05 -0.11 -0.20 -0.30 -0.15 1427
0.05 0.28 0.12 0.11 0.16 0.16 -0.15 -0.24 -0.25 0.04 -0.04 -0.04 -0.12 -0.22 -0.05 1428
0.08 0.29 0.08 0.02 0.02 0.01 -0.29 -0.37 -0.33 -0.03 -0.07 -0.04 -0.09 -0.18 -0.02 1429
-0.11 0.10 -0.13 -0.16 -0.10 -0.05 -0.34 -0.46 -0.44 -0.14 -0.19 -0.21 -0.27 -0.37 -0.18 1430
-0.09 0.11 -0.08 -0.05 0.09 0.18 -0.12 -0.32 -0.36 -0.09 -0.15 -0.22 -0.28 -0.36 -0.16 1431
-0.13 0.06 0.00 0.13 0.20 0.24 -0.06 -0.08 -0.06 0.18 0.05 -0.10 -0.30 -0.41 -0.27 1432
-0.08 0.12 0.07 0.18 0.23 0.24 -0.07 -0.07 0.01 0.28 0.16 -0.02 -0.23 -0.35 -0.21 1433
-0.12 0.07 0.02 0.13 0.20 0.21 -0.10 -0.13 -0.07 0.19 0.07 -0.08 -0.26 -0.37 -0.23 1434
-0.18 -0.00 -0.06 0.05 0.14 0.16 -0.15 -0.23 -0.22 0.01 -0.11 -0.20 -0.32 -0.40 -0.27 1435
-0.10 0.09 -0.04 -0.01 0.05 0.06 -0.25 -0.35 -0.33 -0.04 -0.13 -0.15 -0.25 -0.33 -0.19 1436
-0.08 0.11 -0.07 -0.08 -0.03 -0.02 -0.32 -0.43 -0.40 -0.08 -0.13 -0.14 -0.23 -0.31 -0.17 1437
-0.11 0.10 -0.06 -0.01 0.13 0.21 -0.09 -0.28 -0.32 -0.04 -0.11 -0.17 -0.28 -0.36 -0.18 1438
-0.20 -0.03 -0.08 0.08 0.19 0.24 -0.10 -0.18 -0.18 0.06 -0.06 -0.20 -0.39 -0.48 -0.34 1439
-0.05 0.15 0.07 0.18 0.26 0.28 -0.06 -0.12 -0.06 0.25 0.16 -0.01 -0.23 -0.35 -0.19 1440
-0.07 0.12 0.04 0.13 0.21 0.22 -0.13 -0.21 -0.16 0.15 0.08 -0.05 -0.24 -0.34 -0.19 1441
-0.16 0.01 -0.02 0.10 0.22 0.21 -0.15 -0.29 -0.30 -0.03 -0.12 -0.20 -0.33 -0.39 -0.26 1442
-0.15 0.04 -0.03 0.05 0.18 0.17 -0.20 -0.37 -0.37 -0.06 -0.12 -0.18 -0.29 -0.36 -0.23 1443
-0.10 0.10 -0.03 0.01 0.15 0.16 -0.19 -0.40 -0.41 -0.07 -0.11 -0.13 -0.24 -0.33 -0.18 1444
-0.09 0.11 0.01 0.12 0.33 0.42 0.07 -0.21 -0.34 -0.08 -0.14 -0.17 -0.27 -0.34 -0.17 1445
-0.15 0.02 -0.05 0.10 0.25 0.29 -0.07 -0.24 -0.26 -0.01 -0.09 -0.20 -0.38 -0.45 -0.29 1446
-0.05 0.14 0.04 0.13 0.27 0.30 -0.06 -0.24 -0.24 0.07 0.03 -0.08 -0.27 -0.37 -0.20 1447
-0.09 0.10 -0.01 0.04 0.18 0.21 -0.15 -0.36 -0.39 -0.07 -0.07 -0.14 -0.30 -0.41 -0.24 1448
-0.15 0.02 -0.07 -0.00 0.14 0.15 -0.22 -0.43 -0.48 -0.19 -0.21 -0.24 -0.35 -0.44 -0.28 1449
-0.14 0.04 -0.01 0.09 0.31 0.34 -0.02 -0.30 -0.41 -0.15 -0.18 -0.21 -0.32 -0.41 -0.25 1450
-0.12 0.07 0.01 0.11 0.35 0.41 0.05 -0.27 -0.41 -0.14 -0.17 -0.19 -0.29 -0.38 -0.22 1451
-0.11 0.07 0.01 0.12 0.31 0.33 -0.03 -0.26 -0.27 0.02 -0.03 -0.15 -0.35 -0.43 -0.26 1452
-0.18 0.00 -0.08 0.03 0.23 0.27 -0.10 -0.37 -0.41 -0.11 -0.12 -0.20 -0.39 -0.49 -0.32 1453
-0.26 -0.10 -0.17 -0.05 0.20 0.25 -0.10 -0.42 -0.54 -0.28 -0.29 -0.32 -0.46 -0.56 -0.38 1454
-0.23 -0.06 -0.07 0.11 0.43 0.51 0.16 -0.24 -0.46 -0.27 -0.30 -0.32 -0.44 -0.49 -0.33 1455
-0.16 0.01 -0.02 0.14 0.35 0.36 -0.01 -0.25 -0.27 -0.01 -0.11 -0.24 -0.44 -0.48 -0.30 1456
-0.19 -0.03 -0.04 0.13 0.38 0.40 0.04 -0.26 -0.32 -0.07 -0.14 -0.27 -0.46 -0.51 -0.33 1457
-0.38 -0.24 -0.23 -0.01 0.34 0.42 0.05 -0.40 -0.65 -0.49 -0.53 -0.54 -0.65 -0.64 -0.47 1458
-0.31 -0.17 -0.18 -0.01 0.25 0.31 -0.03 -0.40 -0.58 -0.41 -0.49 -0.54 -0.67 -0.64 -0.45 1459
-0.34 -0.21 -0.24 -0.07 0.21 0.25 -0.10 -0.50 -0.70 -0.51 -0.56 -0.58 -0.69 -0.65 -0.46 1460
0.02 0.19 0.05 0.07 0.13 0.09 -0.25 -0.40 -0.36 -0.07 -0.10 -0.17 -0.36 -0.40 -0.19 1461
0.09 0.27 0.14 0.17 0.27 0.25 -0.08 -0.28 -0.27 0.01 -0.02 -0.09 -0.29 -0.33 -0.12 1462
0.16 0.34 0.18 0.16 0.20 0.16 -0.15 -0.30 -0.24 0.06 0.02 -0.06 -0.27 -0.30 -0.08 1463
0.11 0.29 0.15 0.15 0.26 0.24 -0.07 -0.31 -0.33 -0.07 -0.10 -0.17 -0.37 -0.38 -0.13 1464
-0.03 0.14 0.04 0.09 0.28 0.30 -0.02 -0.34 -0.46 -0.26 -0.31 -0.37 -0.54 -0.53 -0.27 1465
0.02 0.19 0.01 0.03 0.07 0.06 -0.26 -0.40 -0.35 -0.09 -0.14 -0.25 -0.46 -0.47 -0.22 1466
0.10 0.28 0.11 0.11 0.20 0.19 -0.12 -0.31 -0.30 -0.03 -0.09 -0.18 -0.39 -0.41 -0.15 1467
0.28 0.43 0.21 0.15 0.22 0.17 -0.21 -0.40 -0.36 -0.03 -0.11 -0.20 -0.32 -0.27 0.05 1468
0.03 0.20 0.02 0.06 0.12 0.09 -0.26 -0.41 -0.36 -0.09 -0.15 -0.25 -0.46 -0.48 -0.21 1469
0.18 0.35 0.16 0.19 0.25 0.22 -0.12 -0.30 -0.25 0.03 -0.01 -0.12 -0.34 -0.35 -0.07 1470
0.31 0.47 0.15 -0.01 0.04 0.02 -0.30 -0.39 -0.29 0.06 -0.07 -0.17 -0.30 -0.28 0.06 1471
0.39 0.55 0.23 0.04 0.05 -0.02 -0.35 -0.43 -0.28 0.12 0.03 -0.06 -0.18 -0.17 0.15 1472
0.43 0.59 0.26 0.08 0.09 0.01 -0.36 -0.49 -0.35 0.07 0.01 -0.06 -0.16 -0.15 0.19 1473
0.39 0.55 0.23 0.11 0.19 0.14 -0.26 -0.49 -0.43 -0.05 -0.10 -0.17 -0.27 -0.23 0.15 1474
0.07 0.24 0.07 0.13 0.22 0.18 -0.18 -0.37 -0.34 -0.07 -0.14 -0.24 -0.45 -0.45 -0.16 1475
0.19 0.35 0.17 0.21 0.29 0.22 -0.14 -0.34 -0.29 -0.00 -0.04 -0.14 -0.35 -0.35 -0.05 1476
0.34 0.50 0.29 0.32 0.38 0.30 -0.08 -0.28 -0.22 0.10 0.10 0.00 -0.20 -0.21 0.12 1477
0.31 0.47 0.25 0.27 0.33 0.27 -0.11 -0.28 -0.25 0.09 0.04 -0.05 -0.26 -0.26 0.07 1478
0.21 0.36 0.14 0.14 0.22 0.21 -0.14 -0.30 -0.28 0.02 -0.08 -0.17 -0.36 -0.34 -0.03 1479
0.17 0.32 0.11 0.12 0.21 0.21 -0.11 -0.26 -0.24 0.03 -0.09 -0.22 -0.43 -0.40 -0.07 1480
0.07 0.22 0.03 0.09 0.22 0.23 -0.09 -0.28 -0.32 -0.07 -0.21 -0.35 -0.56 -0.51 -0.16 1481
0.48 0.65 0.28 0.12 0.17 0.17 -0.15 -0.28 -0.25 0.07 -0.07 -0.09 -0.19 -0.16 0.22 1482
0.54 0.72 0.32 0.11 0.14 0.13 -0.19 -0.29 -0.20 0.15 0.02 -0.02 -0.13 -0.11 0.26 1483
0.52 0.69 0.29 0.08 0.09 0.05 -0.27 -0.36 -0.22 0.16 0.04 -0.01 -0.14 -0.12 0.23 1484
0.40 0.57 0.23 0.08 0.12 0.07 -0.28 -0.42 -0.30 0.08 -0.04 -0.13 -0.26 -0.23 0.14 1485
0.35 0.50 0.15 0.03 0.14 0.09 -0.31 -0.54 -0.50 -0.10 -0.20 -0.29 -0.41 -0.35 0.10 1486
0.40 0.56 0.20 0.10 0.24 0.20 -0.23 -0.51 -0.51 -0.12 -0.22 -0.31 -0.43 -0.35 0.14 1487
0.39 0.55 0.17 0.12 0.29 0.28 -0.14 -0.44 -0.46 -0.10 -0.20 -0.31 -0.43 -0.36 0.15 1488
0.12 0.28 0.09 0.15 0.20 0.11 -0.29 -0.46 -0.43 -0.11 -0.16 -0.25 -0.46 -0.44 -0.11 1489
0.13 0.29 0.09 0.14 0.18 0.10 -0.31 -0.45 -0.41 -0.08 -0.16 -0.24 -0.45 -0.42 -0.09 1490
0.14 0.29 0.07 0.12 0.18 0.13 -0.27 -0.43 -0.39 -0.07 -0.18 -0.25 -0.45 -0.42 -0.09 1491
0.13 0.28 0.08 0.14 0.24 0.20 -0.19 -0.37 -0.36 -0.08 -0.21 -0.30 -0.48 -0.43 -0.11 1492
0.10 0.25 0.07 0.15 0.30 0.30 -0.09 -0.31 -0.37 -0.12 -0.28 -0.36 -0.52 -0.45 -0.12 1493
0.21 0.38 0.14 0.16 0.27 0.28 -0.09 -0.30 -0.35 -0.07 -0.23 -0.27 -0.40 -0.33 -0.00 1494
0.36 0.55 0.22 0.14 0.23 0.24 -0.11 -0.29 -0.30 -0.00 -0.14 -0.16 -0.27 -0.22 0.12 1495
0.49 0.69 0.31 0.18 0.23 0.21 -0.15 -0.29 -0.23 0.09 -0.04 -0.06 -0.17 -0.13 0.22 1496
0.42 0.61 0.29 0.19 0.24 0.20 -0.18 -0.33 -0.24 0.09 -0.07 -0.13 -0.27 -0.21 0.14 1497
0.18 0.35 0.14 0.14 0.31 0.30 -0.10 -0.33 -0.32 -0.04 -0.25 -0.39 -0.55 -0.44 -0.08 1498
-0.00 0.14 -0.04 0.04 0.32 0.35 -0.08 -0.41 -0.50 -0.23 -0.45 -0.64 -0.81 -0.67 -0.24 1499
0.06 0.20 -0.05 0.01 0.27 0.28 -0.17 -0.50 -0.59 -0.28 -0.48 -0.64 -0.79 -0.66 -0.17 1500
0.13 0.27 -0.02 0.06 0.33 0.34 -0.11 -0.43 -0.49 -0.17 -0.35 -0.55 -0.72 -0.62 -0.08 1501
0.02 0.16 -0.12 0.02 0.29 0.35 -0.10 -0.39 -0.45 -0.13 -0.30 -0.55 -0.79 -0.74 -0.19 1502
-0.03 0.11 -0.13 0.05 0.32 0.39 -0.04 -0.34 -0.44 -0.16 -0.33 -0.61 -0.87 -0.81 -0.27 1503
0.06 0.22 0.05 0.15 0.19 0.11 -0.32 -0.47 -0.43 -0.11 -0.22 -0.35 -0.55 -0.51 -0.17 1504
0.09 0.26 0.06 0.16 0.23 0.15 -0.30 -0.47 -0.44 -0.13 -0.23 -0.32 -0.51 -0.47 -0.14 1505
0.12 0.28 0.12 0.21 0.33 0.25 -0.22 -0.45 -0.47 -0.18 -0.29 -0.33 -0.47 -0.42 -0.10 1506
0.17 0.34 0.18 0.27 0.40 0.34 -0.13 -0.38 -0.46 -0.18 -0.29 -0.30 -0.40 -0.35 -0.03 1507
0.23 0.41 0.21 0.27 0.40 0.37 -0.06 -0.31 -0.37 -0.09 -0.19 -0.20 -0.30 -0.25 0.05 1508
0.13 0.30 0.09 0.16 0.32 0.33 -0.08 -0.33 -0.39 -0.12 -0.24 -0.30 -0.43 -0.39 -0.07 1509
0.21 0.40 0.14 0.16 0.28 0.27 -0.14 -0.35 -0.35 -0.07 -0.23 -0.29 -0.42 -0.36 -0.03 1510
0.27 0.46 0.23 0.24 0.36 0.34 -0.08 -0.28 -0.27 -0.00 -0.22 -0.32 -0.45 -0.34 -0.01 1511
0.10 0.28 0.14 0.24 0.46 0.49 0.06 -0.20 -0.26 -0.05 -0.33 -0.51 -0.66 -0.51 -0.17 1512
-0.13 0.01 -0.04 0.15 0.50 0.59 0.16 -0.19 -0.34 -0.16 -0.48 -0.75 -0.96 -0.78 -0.39 1513
-0.11 0.03 -0.04 0.17 0.53 0.61 0.16 -0.21 -0.37 -0.17 -0.46 -0.75 -0.95 -0.79 -0.35 1514
-0.01 0.14 -0.04 0.15 0.45 0.50 0.02 -0.29 -0.37 -0.09 -0.32 -0.63 -0.87 -0.77 -0.26 1515
0.07 0.22 -0.07 0.08 0.33 0.35 -0.13 -0.38 -0.39 -0.04 -0.22 -0.53 -0.80 -0.77 -0.18 1516
0.05 0.21 -0.07 0.08 0.30 0.35 -0.12 -0.37 -0.42 -0.09 -0.25 -0.56 -0.84 -0.80 -0.22 1517
0.03 0.18 -0.05 0.10 0.31 0.36 -0.11 -0.37 -0.45 -0.14 -0.31 -0.59 -0.86 -0.80 -0.25 1518
0.12 0.26 0.04 0.16 0.35 0.40 -0.07 -0.33 -0.42 -0.12 -0.28 -0.54 -0.80 -0.72 -0.19 1519
0.12 0.26 0.07 0.21 0.40 0.45 -0.02 -0.28 -0.38 -0.11 -0.28 -0.55 -0.81 -0.72 -0.21 1520
0.19 0.34 0.13 0.25 0.41 0.45 -0.02 -0.26 -0.33 -0.06 -0.21 -0.45 -0.69 -0.61 -0.14 1521
0.12 0.29 0.16 0.28 0.42 0.35 -0.10 -0.33 -0.38 -0.12 -0.23 -0.31 -0.45 -0.41 -0.09 1522
0.14 0.30 0.10 0.19 0.33 0.29 -0.14 -0.35 -0.37 -0.09 -0.20 -0.29 -0.44 -0.42 -0.09 1523
0.16 0.34 0.09 0.14 0.27 0.25 -0.19 -0.39 -0.37 -0.09 -0.24 -0.34 -0.49 -0.45 -0.11 1524
0.21 0.42 0.15 0.17 0.27 0.25 -0.20 -0.38 -0.36 -0.07 -0.27 -0.36 -0.50 -0.43 -0.08 1525
0.15 0.35 0.15 0.22 0.38 0.37 -0.10 -0.31 -0.32 -0.06 -0.32 -0.46 -0.61 -0.49 -0.14 1526
-0.00 0.18 0.07 0.21 0.45 0.48 0.02 -0.25 -0.31 -0.10 -0.40 -0.63 -0.80 -0.66 -0.28 1527
-0.03 0.14 0.01 0.18 0.45 0.49 0.01 -0.27 -0.33 -0.08 -0.36 -0.65 -0.86 -0.74 -0.30 1528
0.12 0.30 0.06 0.20 0.42 0.43 -0.07 -0.31 -0.31 0.01 -0.22 -0.53 -0.76 -0.69 -0.16 1529
0.30 0.48 0.13 0.22 0.39 0.37 -0.14 -0.33 -0.28 0.10 -0.08 -0.37 -0.62 -0.60 0.01 1530
0.35 0.53 0.16 0.23 0.39 0.39 -0.12 -0.31 -0.26 0.12 -0.05 -0.35 -0.61 -0.58 0.05 1531
0.29 0.46 0.16 0.23 0.40 0.41 -0.08 -0.28 -0.28 0.07 -0.15 -0.46 -0.71 -0.63 -0.04 1532
0.24 0.40 0.14 0.23 0.41 0.43 -0.07 -0.28 -0.28 0.05 -0.17 -0.51 -0.79 -0.70 -0.11 1533
0.18 0.32 0.05 0.13 0.30 0.32 -0.17 -0.36 -0.35 -0.02 -0.22 -0.54 -0.82 -0.74 -0.17 1534
0.10 0.24 -0.03 0.06 0.22 0.23 -0.24 -0.44 -0.42 -0.09 -0.27 -0.54 -0.83 -0.76 -0.24 1535
0.13 0.29 0.01 0.08 0.22 0.23 -0.24 -0.45 -0.43 -0.10 -0.24 -0.49 -0.75 -0.70 -0.20 1536
-0.08 0.10 0.03 0.23 0.33 0.24 -0.29 -0.50 -0.55 -0.28 -0.42 -0.53 -0.70 -0.62 -0.30 1537
0.11 0.29 0.14 0.26 0.33 0.23 -0.28 -0.45 -0.44 -0.13 -0.24 -0.32 -0.49 -0.45 -0.12 1538
0.33 0.50 0.28 0.32 0.35 0.24 -0.23 -0.37 -0.30 0.04 -0.04 -0.11 -0.29 -0.27 0.06 1539
0.21 0.39 0.14 0.17 0.24 0.16 -0.31 -0.48 -0.41 -0.06 -0.17 -0.25 -0.45 -0.42 -0.08 1540
0.10 0.28 0.02 0.06 0.16 0.09 -0.41 -0.59 -0.52 -0.17 -0.32 -0.39 -0.57 -0.52 -0.19 1541
0.10 0.28 0.08 0.13 0.22 0.14 -0.36 -0.53 -0.45 -0.12 -0.33 -0.45 -0.64 -0.55 -0.22 1542
0.00 0.19 0.03 0.10 0.18 0.10 -0.41 -0.54 -0.45 -0.13 -0.37 -0.55 -0.74 -0.65 -0.30 1543
0.01 0.19 0.02 0.11 0.21 0.14 -0.38 -0.50 -0.41 -0.06 -0.32 -0.60 -0.83 -0.73 -0.31 1544
0.21 0.38 0.11 0.17 0.26 0.19 -0.34 -0.47 -0.36 0.03 -0.18 -0.47 -0.71 -0.63 -0.12 1545
0.47 0.66 0.30 0.30 0.36 0.26 -0.29 -0.41 -0.28 0.16 -0.02 -0.29 -0.53 -0.47 0.12 1546
0.54 0.73 0.35 0.34 0.42 0.34 -0.23 -0.36 -0.24 0.19 0.01 -0.27 -0.50 -0.45 0.17 1547
0.45 0.64 0.32 0.32 0.42 0.36 -0.20 -0.36 -0.28 0.12 -0.10 -0.39 -0.62 -0.53 0.07 1548
0.35 0.53 0.26 0.28 0.39 0.34 -0.20 -0.37 -0.32 0.04 -0.21 -0.53 -0.76 -0.63 -0.05 1549
0.12 0.28 0.05 0.10 0.22 0.19 -0.32 -0.49 -0.46 -0.13 -0.38 -0.69 -0.95 -0.81 -0.27 1550
-0.09 0.05 -0.18 -0.08 0.07 0.06 -0.43 -0.61 -0.61 -0.30 -0.52 -0.82 -1.10 -0.98 -0.45 1551
-0.13 0.01 -0.17 -0.02 0.15 0.15 -0.34 -0.55 -0.57 -0.29 -0.50 -0.81 -1.10 -0.99 -0.48 1552
0.14 0.29 0.14 0.27 0.29 0.16 -0.39 -0.53 -0.51 -0.14 -0.21 -0.26 -0.44 -0.41 -0.09 1553
0.41 0.57 0.38 0.42 0.38 0.18 -0.35 -0.46 -0.37 0.04 0.00 -0.03 -0.20 -0.17 0.15 1554
0.45 0.61 0.38 0.35 0.30 0.08 -0.46 -0.57 -0.42 0.01 -0.03 -0.04 -0.20 -0.15 0.16 1555
0.26 0.42 0.16 0.15 0.14 -0.04 -0.59 -0.71 -0.57 -0.13 -0.21 -0.23 -0.40 -0.36 -0.04 1556
0.08 0.25 0.04 0.06 0.07 -0.09 -0.63 -0.71 -0.55 -0.15 -0.30 -0.42 -0.64 -0.58 -0.25 1557
-0.01 0.17 -0.00 0.04 0.04 -0.10 -0.63 -0.67 -0.49 -0.10 -0.31 -0.49 -0.73 -0.65 -0.33 1558
0.03 0.19 0.01 0.07 0.09 -0.04 -0.58 -0.62 -0.44 -0.04 -0.26 -0.51 -0.76 -0.68 -0.30 1559
0.25 0.41 0.18 0.20 0.24 0.11 -0.47 -0.56 -0.40 0.04 -0.17 -0.43 -0.68 -0.57 -0.11 1560
0.48 0.65 0.36 0.35 0.38 0.25 -0.35 -0.46 -0.31 0.15 -0.05 -0.30 -0.55 -0.45 0.09 1561
0.51 0.69 0.38 0.36 0.40 0.27 -0.36 -0.49 -0.37 0.10 -0.07 -0.33 -0.58 -0.51 0.08 1562
0.35 0.53 0.25 0.26 0.31 0.18 -0.48 -0.64 -0.55 -0.08 -0.23 -0.46 -0.70 -0.62 -0.07 1563
0.33 0.51 0.26 0.25 0.29 0.17 -0.46 -0.61 -0.52 -0.08 -0.26 -0.50 -0.74 -0.62 -0.10 1564
0.17 0.35 0.15 0.12 0.14 0.01 -0.56 -0.68 -0.59 -0.19 -0.41 -0.68 -0.91 -0.76 -0.26 1565
-0.22 -0.05 -0.17 -0.11 -0.06 -0.16 -0.69 -0.83 -0.77 -0.43 -0.68 -0.99 -1.28 -1.12 -0.65 1566
0.32 0.49 0.32 0.36 0.28 0.07 -0.51 -0.58 -0.48 -0.03 -0.09 -0.12 -0.31 -0.27 0.04 1567
0.58 0.75 0.52 0.43 0.27 -0.00 -0.59 -0.60 -0.39 0.11 0.07 0.08 -0.08 -0.04 0.26 1568
0.55 0.72 0.44 0.31 0.14 -0.12 -0.70 -0.69 -0.45 0.05 0.00 0.02 -0.15 -0.11 0.19 1569
0.37 0.54 0.28 0.19 0.05 -0.19 -0.75 -0.74 -0.48 0.01 -0.09 -0.15 -0.35 -0.29 0.00 1570
0.24 0.39 0.18 0.14 0.07 -0.14 -0.71 -0.72 -0.48 -0.02 -0.17 -0.28 -0.49 -0.41 -0.12 1571
0.13 0.28 0.14 0.19 0.24 0.07 -0.56 -0.68 -0.53 -0.10 -0.27 -0.46 -0.69 -0.59 -0.24 1572
0.19 0.34 0.22 0.31 0.40 0.23 -0.45 -0.64 -0.56 -0.13 -0.30 -0.52 -0.77 -0.64 -0.21 1573
0.42 0.57 0.41 0.47 0.55 0.38 -0.32 -0.53 -0.45 -0.00 -0.18 -0.41 -0.64 -0.49 -0.01 1574
-0.47 -0.29 -0.32 -0.20 -0.13 -0.25 -0.79 -0.94 -0.90 -0.58 -0.82 -1.16 -1.52 -1.38 -0.93 1575
0.34 0.50 0.31 0.32 0.21 0.00 -0.59 -0.64 -0.54 -0.10 -0.18 -0.18 -0.36 -0.29 0.02 1576
0.67 0.84 0.56 0.43 0.21 -0.08 -0.67 -0.64 -0.40 0.13 0.10 0.13 -0.03 0.02 0.31 1577
0.81 0.99 0.64 0.39 0.11 -0.23 -0.80 -0.72 -0.37 0.20 0.20 0.23 0.09 0.11 0.42 1578
0.60 0.76 0.48 0.31 0.12 -0.17 -0.75 -0.72 -0.43 0.10 0.03 0.01 -0.16 -0.10 0.20 1579
0.31 0.45 0.26 0.24 0.23 0.03 -0.60 -0.70 -0.51 -0.05 -0.18 -0.30 -0.50 -0.40 -0.08 1580
0.15 0.27 0.19 0.29 0.42 0.26 -0.44 -0.68 -0.61 -0.19 -0.35 -0.53 -0.77 -0.63 -0.27 1581
0.52 0.68 0.47 0.39 0.23 -0.01 -0.58 -0.57 -0.44 -0.01 -0.12 -0.11 -0.25 -0.14 0.16 1582
0.80 0.96 0.65 0.43 0.19 -0.11 -0.68 -0.63 -0.36 0.16 0.11 0.17 0.07 0.15 0.43 1583
0.91 1.05 0.71 0.43 0.20 -0.13 -0.71 -0.68 -0.36 0.22 0.20 0.27 0.17 0.24 0.52 1584
0.67 0.80 0.54 0.39 0.29 0.03 -0.59 -0.67 -0.43 0.09 0.02 0.01 -0.14 -0.04 0.26 1585
0.38 0.49 0.35 0.36 0.41 0.21 -0.45 -0.64 -0.51 -0.07 -0.19 -0.30 -0.50 -0.36 -0.04 1586
0.79 0.95 0.71 0.56 0.36 0.10 -0.46 -0.44 -0.24 0.20 0.07 0.09 -0.02 0.12 0.40 1587
0.95 1.09 0.79 0.55 0.35 0.06 -0.51 -0.49 -0.22 0.28 0.19 0.23 0.13 0.26 0.53 1588
0.91 1.03 0.75 0.52 0.40 0.14 -0.47 -0.53 -0.28 0.24 0.16 0.19 0.08 0.21 0.48 1589
0.64 0.76 0.56 0.48 0.49 0.27 -0.37 -0.55 -0.39 0.08 -0.02 -0.05 -0.22 -0.08 0.21 1590
0.44 0.59 0.41 0.34 0.27 0.06 -0.52 -0.59 -0.47 -0.07 -0.20 -0.25 -0.41 -0.29 0.03 1591
0.75 0.90 0.69 0.58 0.46 0.23 -0.37 -0.41 -0.22 0.22 0.09 0.03 -0.11 0.03 0.33 1592
0.82 0.95 0.74 0.62 0.55 0.33 -0.29 -0.38 -0.19 0.27 0.14 0.07 -0.07 0.08 0.38 1593
0.82 0.94 0.73 0.62 0.61 0.39 -0.24 -0.38 -0.19 0.27 0.15 0.08 -0.08 0.08 0.37 1594
0.38 0.52 0.40 0.39 0.42 0.23 -0.39 -0.54 -0.44 -0.04 -0.19 -0.30 -0.50 -0.37 -0.04 1595
